0 100
0.01 90.373
0.02 81.3214
0.03 73.3074
0.04 66.6154
0.05 61.3373
0.06 57.3999
0.07 54.6185
0.08 52.7561
0.09 51.5727
0.1 50.8583
0.11 50.4483
0.12 50.2242
0.13 50.1074
0.14 50.0494
0.15 50.0218
0.16 50.0092
0.17 50.0038
0.18 50.0015
0.19 50.0006
0.2 50.0002
0.21 50.0001
0.22 50
0.23 50
0.24 50
0.25 50
0.26 50
0.27 50
0.28 50.0001
0.29 50.0002
0.3 50.0005
0.31 50.0012
0.32 50.0031
0.33 50.0075
0.34 50.0177
0.35 50.0402
0.36 50.0875
0.37 50.1825
0.38 50.3647
0.39 50.6979
0.4 51.2776
0.41 52.2365
0.42 53.7431
0.43 55.9879
0.44 59.1575
0.45 63.394
0.46 68.7488
0.47 75.1428
0.48 82.3476
0.49 90
