0 100
0.01 86.476
0.02 74.5398
0.03 65.1878
0.04 58.6416
0.05 54.5228
0.06 52.1807
0.07 50.9707
0.08 50.4
0.09 50.1531
0.1 50.0546
0.11 50.0182
0.12 50.0057
0.13 50.0017
0.14 50.0005
0.15 50.0001
0.16 50
0.17 50
0.18 50
0.19 50
0.2 50
0.21 50
0.22 50
0.23 50
0.24 50
0.25 50
0.26 50
0.27 50
0.28 50
0.29 50
0.3 50
0.31 50
0.32 50
0.33 50
0.34 50.0001
0.35 50.0004
0.36 50.0014
0.37 50.0046
0.38 50.0149
0.39 50.0446
0.4 50.125
0.41 50.3265
0.42 50.7917
0.43 51.7762
0.44 53.6769
0.45 57.0073
0.46 62.2756
0.47 69.7611
0.48 79.2661
0.49 90
