0.000000 1.000000
0.020020 0.998023
0.040040 0.992099
0.060060 0.982252
0.080080 0.968521
0.100100 0.950959
0.120120 0.929638
0.140140 0.904640
0.160160 0.876064
0.180180 0.844024
0.200200 0.808647
0.220220 0.770072
0.240240 0.728452
0.260260 0.683951
0.280280 0.636745
0.300300 0.587022
0.320320 0.534977
0.340340 0.480816
0.360360 0.424755
0.380380 0.367013
0.400400 0.307820
0.420420 0.247410
0.440440 0.186022
0.460460 0.123898
0.480480 0.061284
0.500501 -0.001572
0.520521 -0.064422
0.540541 -0.127018
0.560561 -0.189111
0.580581 -0.250456
0.600601 -0.310811
0.620621 -0.369937
0.640641 -0.427600
0.660661 -0.483571
0.680681 -0.537631
0.700701 -0.589565
0.720721 -0.639167
0.740741 -0.686242
0.760761 -0.730603
0.780781 -0.772074
0.800801 -0.810493
0.820821 -0.845707
0.840841 -0.877576
0.860861 -0.905975
0.880881 -0.930792
0.900901 -0.951927
0.920921 -0.969299
0.940941 -0.982837
0.960961 -0.992489
0.980981 -0.998215
1.001001 -0.999995
1.021021 -0.997820
1.041041 -0.991699
1.061061 -0.981657
1.081081 -0.967733
1.101101 -0.949982
1.121121 -0.928474
1.141141 -0.903295
1.161161 -0.874543
1.181181 -0.842334
1.201201 -0.806793
1.221221 -0.768062
1.241241 -0.726294
1.261261 -0.681653
1.281281 -0.634317
1.301301 -0.584473
1.321321 -0.532317
1.341341 -0.478057
1.361361 -0.421906
1.381381 -0.364086
1.401401 -0.304827
1.421421 -0.244362
1.441441 -0.182931
1.461461 -0.120777
1.481481 -0.058145
1.501502 0.004717
1.521522 0.067560
1.541542 0.130136
1.561562 0.192198
1.581582 0.253499
1.601602 0.313798
1.621622 0.372856
1.641642 0.430440
1.661662 0.486322
1.681682 0.540280
1.701702 0.592102
1.721722 0.641582
1.741742 0.688526
1.761762 0.732746
1.781782 0.774069
1.801802 0.812331
1.821822 0.847381
1.841842 0.879080
1.861862 0.907302
1.881882 0.931937
1.901902 0.952886
1.921922 0.970067
1.941942 0.983412
1.961962 0.992868
1.981982 0.998398
2.002002 0.999980
2.022022 0.997608
2.042042 0.991290
2.062062 0.981053
2.082082 0.966936
2.102102 0.948995
2.122122 0.927302
2.142142 0.901941
2.162162 0.873014
2.182182 0.840635
2.202202 0.804931
2.222222 0.766044
2.242242 0.724128
2.262262 0.679349
2.282282 0.631883
2.302302 0.581918
2.322322 0.529653
2.342342 0.475292
2.362362 0.419052
2.382382 0.361155
2.402402 0.301830
2.422422 0.241312
2.442442 0.179839
2.462462 0.117655
2.482482 0.055005
2.502503 -0.007862
2.522523 -0.070698
2.542543 -0.133254
2.562563 -0.195283
2.582583 -0.256540
2.602603 -0.316783
2.622623 -0.375773
2.642643 -0.433277
2.662663 -0.489067
2.682683 -0.542924
2.702703 -0.594633
2.722723 -0.643991
2.742743 -0.690803
2.762763 -0.734883
2.782783 -0.776056
2.802803 -0.814161
2.822823 -0.849046
2.842843 -0.880574
2.862863 -0.908620
2.882883 -0.933072
2.902903 -0.953835
2.922923 -0.970826
2.942943 -0.983978
2.962963 -0.993238
2.982983 -0.998571
3.003003 -0.999955
3.023023 -0.997385
3.043043 -0.990871
3.063063 -0.980439
3.083083 -0.966129
3.103103 -0.947999
3.123123 -0.926120
3.143143 -0.900579
3.163163 -0.871476
3.183183 -0.838927
3.203203 -0.803061
3.223223 -0.764019
3.243243 -0.721956
3.263263 -0.677038
3.283283 -0.629443
3.303303 -0.579358
3.323323 -0.526983
3.343343 -0.472523
3.363363 -0.416195
3.383383 -0.358221
3.403403 -0.298831
3.423423 -0.238259
3.443443 -0.176744
3.463463 -0.114531
3.483483 -0.051865
3.503504 0.011006
3.523524 0.073834
3.543544 0.136370
3.563564 0.198366
3.583584 0.259578
3.603604 0.319764
3.623624 0.378685
3.643644 0.436109
3.663664 0.491808
3.683684 0.545562
3.703704 0.597159
3.723724 0.646394
3.743744 0.693073
3.763764 0.737012
3.783784 0.778036
3.803804 0.815983
3.823824 0.850704
3.843844 0.882060
3.863864 0.909929
3.883884 0.934199
3.903904 0.954775
3.923924 0.971575
3.943944 0.984533
3.963964 0.993599
3.983984 0.998734
4.004004 0.999921
4.024024 0.997153
4.044044 0.990442
4.064064 0.979815
4.084084 0.965313
4.104104 0.946993
4.124124 0.924929
4.144144 0.899207
4.164164 0.869930
4.184184 0.837212
4.204204 0.801183
4.224224 0.761987
4.244244 0.719777
4.264264 0.674720
4.284284 0.626996
4.304304 0.576792
4.324324 0.524307
4.344344 0.469749
4.364364 0.413334
4.384384 0.355283
4.404404 0.295828
4.424424 0.235203
4.444444 0.173648
4.464464 0.111406
4.484484 0.048724
4.504505 -0.014151
4.524525 -0.076970
4.544545 -0.139485
4.564565 -0.201448
4.584585 -0.262614
4.604605 -0.322742
4.624625 -0.381594
4.644645 -0.438936
4.664665 -0.494543
4.684685 -0.548195
4.704705 -0.599678
4.724725 -0.648790
4.744745 -0.695337
4.764765 -0.739134
4.784785 -0.780007
4.804805 -0.817797
4.824825 -0.852352
4.844845 -0.883537
4.864865 -0.911228
4.884885 -0.935316
4.904905 -0.955705
4.924925 -0.972315
4.944945 -0.985080
4.964965 -0.993949
4.984985 -0.998888
5.005005 -0.999876
5.025025 -0.996911
5.045045 -0.990004
5.065065 -0.979181
5.085085 -0.964487
5.105105 -0.945978
5.125125 -0.923729
5.145145 -0.897827
5.165165 -0.868374
5.185185 -0.835488
5.205205 -0.799297
5.225225 -0.759946
5.245245 -0.717590
5.265265 -0.672396
5.285285 -0.624543
5.305305 -0.574220
5.325325 -0.521627
5.345345 -0.466971
5.365365 -0.410468
5.385385 -0.352342
5.405405 -0.292823
5.425425 -0.232146
5.445445 -0.170550
5.465465 -0.108281
5.485485 -0.045583
5.505506 0.017295
5.525526 0.080105
5.545546 0.142598
5.565566 0.204527
5.585586 0.265647
5.605606 0.325717
5.625626 0.384499
5.645646 0.441760
5.665666 0.497274
5.685686 0.550822
5.705706 0.602192
5.725726 0.651180
5.745746 0.697593
5.765766 0.741248
5.785786 0.781972
5.805806 0.819603
5.825826 0.853993
5.845846 0.885006
5.865866 0.912519
5.885886 0.936424
5.905906 0.956626
5.925926 0.973045
5.945946 0.985616
5.965966 0.994289
5.985986 0.999031
6.006006 0.999822
6.026026 0.996659
6.046046 0.989555
6.066066 0.978538
6.086086 0.963651
6.106106 0.944954
6.126126 0.922520
6.146146 0.896438
6.166166 0.866811
6.186186 0.833756
6.206206 0.797404
6.226226 0.757898
6.246246 0.715396
6.266266 0.670065
6.286286 0.622084
6.306306 0.571643
6.326326 0.518941
6.346346 0.464188
6.366366 0.407598
6.386386 0.349397
6.406406 0.289814
6.426426 0.229086
6.446446 0.167451
6.466466 0.105154
6.486486 0.042441
6.506507 -0.020439
6.526527 -0.083239
6.546547 -0.145710
6.566567 -0.207604
6.586587 -0.268678
6.606607 -0.328688
6.626627 -0.387400
6.646647 -0.444579
6.666667 -0.500000
6.686687 -0.553444
6.706707 -0.604699
6.726727 -0.653563
6.746747 -0.699843
6.766767 -0.743355
6.786787 -0.783928
6.806807 -0.821400
6.826827 -0.855625
6.846847 -0.886466
6.866867 -0.913801
6.886887 -0.937523
6.906907 -0.957537
6.926927 -0.973765
6.946947 -0.986142
6.966967 -0.994620
6.986987 -0.999164
7.007007 -0.999758
7.027027 -0.996397
7.047047 -0.989097
7.067067 -0.977885
7.087087 -0.962807
7.107107 -0.943920
7.127127 -0.921302
7.147147 -0.895040
7.167167 -0.865238
7.187187 -0.832015
7.207207 -0.795502
7.227227 -0.755843
7.247247 -0.713195
7.267267 -0.667727
7.287287 -0.619619
7.307307 -0.569060
7.327327 -0.516251
7.347347 -0.461400
7.367367 -0.404725
7.387387 -0.346449
7.407407 -0.286803
7.427427 -0.226023
7.447447 -0.164350
7.467467 -0.102026
7.487487 -0.039299
7.507508 0.023583
7.527528 0.086373
7.547548 0.148820
7.567568 0.210679
7.587588 0.271705
7.607608 0.331657
7.627628 0.390297
7.647648 0.447394
7.667668 0.502721
7.687688 0.556060
7.707708 0.607201
7.727728 0.655940
7.747748 0.702086
7.767768 0.745455
7.787788 0.785876
7.807808 0.823190
7.827828 0.857248
7.847848 0.887917
7.867868 0.915074
7.887888 0.938612
7.907908 0.958439
7.927928 0.974476
7.947948 0.986659
7.967968 0.994941
7.987988 0.999288
8.008008 0.999684
8.028028 0.996126
8.048048 0.988629
8.068068 0.977223
8.088088 0.961952
8.108108 0.942877
8.128128 0.920074
8.148148 0.893633
8.168168 0.863657
8.188188 0.830267
8.208208 0.793593
8.228228 0.753780
8.248248 0.710987
8.268268 0.665383
8.288288 0.617147
8.308308 0.566471
8.328328 0.513555
8.348348 0.458608
8.368368 0.401847
8.388388 0.343497
8.408408 0.283789
8.428428 0.222959
8.448448 0.161247
8.468468 0.098897
8.488488 0.036157
8.508509 -0.026727
8.528529 -0.089505
8.548549 -0.151929
8.568569 -0.213752
8.588589 -0.274730
8.608609 -0.334622
8.628629 -0.393190
8.648649 -0.450204
8.668669 -0.505437
8.688689 -0.558671
8.708709 -0.609697
8.728729 -0.658311
8.748749 -0.704322
8.768769 -0.747547
8.788789 -0.787817
8.808809 -0.824971
8.828829 -0.858863
8.848849 -0.889359
8.868869 -0.916338
8.888889 -0.939693
8.908909 -0.959332
8.928929 -0.975177
8.948949 -0.987166
8.968969 -0.995252
8.988989 -0.999402
9.009009 -0.999600
9.029029 -0.995844
9.049049 -0.988151
9.069069 -0.976551
9.089089 -0.961088
9.109109 -0.941825
9.129129 -0.918838
9.149149 -0.892217
9.169169 -0.862068
9.189189 -0.828510
9.209209 -0.791675
9.229229 -0.751710
9.249249 -0.708773
9.269269 -0.663032
9.289289 -0.614670
9.309309 -0.563877
9.329329 -0.510854
9.349349 -0.455811
9.369369 -0.398965
9.389389 -0.340542
9.409409 -0.280772
9.429429 -0.219892
9.449449 -0.158143
9.469469 -0.095767
9.489489 -0.033014
9.509510 0.029871
9.529530 0.092637
9.549550 0.155037
9.569570 0.216823
9.589590 0.277753
9.609610 0.337584
9.629630 0.396080
9.649650 0.453010
9.669670 0.508148
9.689690 0.561277
9.709710 0.612186
9.729730 0.660675
9.749750 0.706551
9.769770 0.749633
9.789790 0.789750
9.809810 0.826745
9.829830 0.860470
9.849850 0.890792
9.869870 0.917592
9.889890 0.940764
9.909910 0.960215
9.929930 0.975869
9.949950 0.987664
9.969970 0.995553
9.989990 0.999506
10.010010 0.999506
10.030030 0.995553
10.050050 0.987664
10.070070 0.975869
10.090090 0.960215
10.110110 0.940764
10.130130 0.917592
10.150150 0.890792
10.170170 0.860470
10.190190 0.826745
10.210210 0.789750
10.230230 0.749633
10.250250 0.706551
10.270270 0.660675
10.290290 0.612186
10.310310 0.561277
10.330330 0.508148
10.350350 0.453010
10.370370 0.396080
10.390390 0.337584
10.410410 0.277753
10.430430 0.216823
10.450450 0.155037
10.470470 0.092637
10.490490 0.029871
10.510511 -0.033014
10.530531 -0.095767
10.550551 -0.158143
10.570571 -0.219892
10.590591 -0.280772
10.610611 -0.340542
10.630631 -0.398965
10.650651 -0.455811
10.670671 -0.510854
10.690691 -0.563877
10.710711 -0.614670
10.730731 -0.663032
10.750751 -0.708773
10.770771 -0.751710
10.790791 -0.791675
10.810811 -0.828510
10.830831 -0.862068
10.850851 -0.892217
10.870871 -0.918838
10.890891 -0.941825
10.910911 -0.961088
10.930931 -0.976551
10.950951 -0.988151
10.970971 -0.995844
10.990991 -0.999600
11.011011 -0.999402
11.031031 -0.995252
11.051051 -0.987166
11.071071 -0.975177
11.091091 -0.959332
11.111111 -0.939693
11.131131 -0.916338
11.151151 -0.889359
11.171171 -0.858863
11.191191 -0.824971
11.211211 -0.787817
11.231231 -0.747547
11.251251 -0.704322
11.271271 -0.658311
11.291291 -0.609697
11.311311 -0.558671
11.331331 -0.505437
11.351351 -0.450204
11.371371 -0.393190
11.391391 -0.334622
11.411411 -0.274730
11.431431 -0.213752
11.451451 -0.151929
11.471471 -0.089505
11.491491 -0.026727
11.511512 0.036157
11.531532 0.098897
11.551552 0.161247
11.571572 0.222959
11.591592 0.283789
11.611612 0.343497
11.631632 0.401847
11.651652 0.458608
11.671672 0.513555
11.691692 0.566471
11.711712 0.617147
11.731732 0.665383
11.751752 0.710987
11.771772 0.753780
11.791792 0.793593
11.811812 0.830267
11.831832 0.863657
11.851852 0.893633
11.871872 0.920074
11.891892 0.942877
11.911912 0.961952
11.931932 0.977223
11.951952 0.988629
11.971972 0.996126
11.991992 0.999684
12.012012 0.999288
12.032032 0.994941
12.052052 0.986659
12.072072 0.974476
12.092092 0.958439
12.112112 0.938612
12.132132 0.915074
12.152152 0.887917
12.172172 0.857248
12.192192 0.823190
12.212212 0.785876
12.232232 0.745455
12.252252 0.702086
12.272272 0.655940
12.292292 0.607201
12.312312 0.556060
12.332332 0.502721
12.352352 0.447394
12.372372 0.390297
12.392392 0.331657
12.412412 0.271705
12.432432 0.210679
12.452452 0.148820
12.472472 0.086373
12.492492 0.023583
12.512513 -0.039299
12.532533 -0.102026
12.552553 -0.164350
12.572573 -0.226023
12.592593 -0.286803
12.612613 -0.346449
12.632633 -0.404725
12.652653 -0.461400
12.672673 -0.516251
12.692693 -0.569060
12.712713 -0.619619
12.732733 -0.667727
12.752753 -0.713195
12.772773 -0.755843
12.792793 -0.795502
12.812813 -0.832015
12.832833 -0.865238
12.852853 -0.895040
12.872873 -0.921302
12.892893 -0.943920
12.912913 -0.962807
12.932933 -0.977885
12.952953 -0.989097
12.972973 -0.996397
12.992993 -0.999758
13.013013 -0.999164
13.033033 -0.994620
13.053053 -0.986142
13.073073 -0.973765
13.093093 -0.957537
13.113113 -0.937523
13.133133 -0.913801
13.153153 -0.886466
13.173173 -0.855625
13.193193 -0.821400
13.213213 -0.783928
13.233233 -0.743355
13.253253 -0.699843
13.273273 -0.653563
13.293293 -0.604699
13.313313 -0.553444
13.333333 -0.500000
13.353353 -0.444579
13.373373 -0.387400
13.393393 -0.328688
13.413413 -0.268678
13.433433 -0.207604
13.453453 -0.145710
13.473473 -0.083239
13.493493 -0.020439
13.513514 0.042441
13.533534 0.105154
13.553554 0.167451
13.573574 0.229086
13.593594 0.289814
13.613614 0.349397
13.633634 0.407598
13.653654 0.464188
13.673674 0.518941
13.693694 0.571643
13.713714 0.622084
13.733734 0.670065
13.753754 0.715396
13.773774 0.757898
13.793794 0.797404
13.813814 0.833756
13.833834 0.866811
13.853854 0.896438
13.873874 0.922520
13.893894 0.944954
13.913914 0.963651
13.933934 0.978538
13.953954 0.989555
13.973974 0.996659
13.993994 0.999822
14.014014 0.999031
14.034034 0.994289
14.054054 0.985616
14.074074 0.973045
14.094094 0.956626
14.114114 0.936424
14.134134 0.912519
14.154154 0.885006
14.174174 0.853993
14.194194 0.819603
14.214214 0.781972
14.234234 0.741248
14.254254 0.697593
14.274274 0.651180
14.294294 0.602192
14.314314 0.550822
14.334334 0.497274
14.354354 0.441760
14.374374 0.384499
14.394394 0.325717
14.414414 0.265647
14.434434 0.204527
14.454454 0.142598
14.474474 0.080105
14.494494 0.017295
14.514515 -0.045583
14.534535 -0.108281
14.554555 -0.170550
14.574575 -0.232146
14.594595 -0.292823
14.614615 -0.352342
14.634635 -0.410468
14.654655 -0.466971
14.674675 -0.521627
14.694695 -0.574220
14.714715 -0.624543
14.734735 -0.672396
14.754755 -0.717590
14.774775 -0.759946
14.794795 -0.799297
14.814815 -0.835488
14.834835 -0.868374
14.854855 -0.897827
14.874875 -0.923729
14.894895 -0.945978
14.914915 -0.964487
14.934935 -0.979181
14.954955 -0.990004
14.974975 -0.996911
14.994995 -0.999876
15.015015 -0.998888
15.035035 -0.993949
15.055055 -0.985080
15.075075 -0.972315
15.095095 -0.955705
15.115115 -0.935316
15.135135 -0.911228
15.155155 -0.883537
15.175175 -0.852352
15.195195 -0.817797
15.215215 -0.780007
15.235235 -0.739134
15.255255 -0.695337
15.275275 -0.648790
15.295295 -0.599678
15.315315 -0.548195
15.335335 -0.494543
15.355355 -0.438936
15.375375 -0.381594
15.395395 -0.322742
15.415415 -0.262614
15.435435 -0.201448
15.455455 -0.139485
15.475475 -0.076970
15.495495 -0.014151
15.515516 0.048724
15.535536 0.111406
15.555556 0.173648
15.575576 0.235203
15.595596 0.295828
15.615616 0.355283
15.635636 0.413334
15.655656 0.469749
15.675676 0.524307
15.695696 0.576792
15.715716 0.626996
15.735736 0.674720
15.755756 0.719777
15.775776 0.761987
15.795796 0.801183
15.815816 0.837212
15.835836 0.869930
15.855856 0.899207
15.875876 0.924929
15.895896 0.946993
15.915916 0.965313
15.935936 0.979815
15.955956 0.990442
15.975976 0.997153
15.995996 0.999921
16.016016 0.998734
16.036036 0.993599
16.056056 0.984533
16.076076 0.971575
16.096096 0.954775
16.116116 0.934199
16.136136 0.909929
16.156156 0.882060
16.176176 0.850704
16.196196 0.815983
16.216216 0.778036
16.236236 0.737012
16.256256 0.693073
16.276276 0.646394
16.296296 0.597159
16.316316 0.545562
16.336336 0.491808
16.356356 0.436109
16.376376 0.378685
16.396396 0.319764
16.416416 0.259578
16.436436 0.198366
16.456456 0.136370
16.476476 0.073834
16.496496 0.011006
16.516517 -0.051865
16.536537 -0.114531
16.556557 -0.176744
16.576577 -0.238259
16.596597 -0.298831
16.616617 -0.358221
16.636637 -0.416195
16.656657 -0.472523
16.676677 -0.526983
16.696697 -0.579358
16.716717 -0.629443
16.736737 -0.677038
16.756757 -0.721956
16.776777 -0.764019
16.796797 -0.803061
16.816817 -0.838927
16.836837 -0.871476
16.856857 -0.900579
16.876877 -0.926120
16.896897 -0.947999
16.916917 -0.966129
16.936937 -0.980439
16.956957 -0.990871
16.976977 -0.997385
16.996997 -0.999955
17.017017 -0.998571
17.037037 -0.993238
17.057057 -0.983978
17.077077 -0.970826
17.097097 -0.953835
17.117117 -0.933072
17.137137 -0.908620
17.157157 -0.880574
17.177177 -0.849046
17.197197 -0.814161
17.217217 -0.776056
17.237237 -0.734883
17.257257 -0.690803
17.277277 -0.643991
17.297297 -0.594633
17.317317 -0.542924
17.337337 -0.489067
17.357357 -0.433277
17.377377 -0.375773
17.397397 -0.316783
17.417417 -0.256540
17.437437 -0.195283
17.457457 -0.133254
17.477477 -0.070698
17.497497 -0.007862
17.517518 0.055005
17.537538 0.117655
17.557558 0.179839
17.577578 0.241312
17.597598 0.301830
17.617618 0.361155
17.637638 0.419052
17.657658 0.475292
17.677678 0.529653
17.697698 0.581918
17.717718 0.631883
17.737738 0.679349
17.757758 0.724128
17.777778 0.766044
17.797798 0.804931
17.817818 0.840635
17.837838 0.873014
17.857858 0.901941
17.877878 0.927302
17.897898 0.948995
17.917918 0.966936
17.937938 0.981053
17.957958 0.991290
17.977978 0.997608
17.997998 0.999980
18.018018 0.998398
18.038038 0.992868
18.058058 0.983412
18.078078 0.970067
18.098098 0.952886
18.118118 0.931937
18.138138 0.907302
18.158158 0.879080
18.178178 0.847381
18.198198 0.812331
18.218218 0.774069
18.238238 0.732746
18.258258 0.688526
18.278278 0.641582
18.298298 0.592102
18.318318 0.540280
18.338338 0.486322
18.358358 0.430440
18.378378 0.372856
18.398398 0.313798
18.418418 0.253499
18.438438 0.192198
18.458458 0.130136
18.478478 0.067560
18.498498 0.004717
18.518519 -0.058145
18.538539 -0.120777
18.558559 -0.182931
18.578579 -0.244362
18.598599 -0.304827
18.618619 -0.364086
18.638639 -0.421906
18.658659 -0.478057
18.678679 -0.532317
18.698699 -0.584473
18.718719 -0.634317
18.738739 -0.681653
18.758759 -0.726294
18.778779 -0.768062
18.798799 -0.806793
18.818819 -0.842334
18.838839 -0.874543
18.858859 -0.903295
18.878879 -0.928474
18.898899 -0.949982
18.918919 -0.967733
18.938939 -0.981657
18.958959 -0.991699
18.978979 -0.997820
18.998999 -0.999995
19.019019 -0.998215
19.039039 -0.992489
19.059059 -0.982837
19.079079 -0.969299
19.099099 -0.951927
19.119119 -0.930792
19.139139 -0.905975
19.159159 -0.877576
19.179179 -0.845707
19.199199 -0.810493
19.219219 -0.772074
19.239239 -0.730603
19.259259 -0.686242
19.279279 -0.639167
19.299299 -0.589565
19.319319 -0.537631
19.339339 -0.483571
19.359359 -0.427600
19.379379 -0.369937
19.399399 -0.310811
19.419419 -0.250456
19.439439 -0.189111
19.459459 -0.127018
19.479479 -0.064422
19.499499 -0.001572
19.519520 0.061284
19.539540 0.123898
19.559560 0.186022
19.579580 0.247410
19.599600 0.307820
19.619620 0.367013
19.639640 0.424755
19.659660 0.480816
19.679680 0.534977
19.699700 0.587022
19.719720 0.636745
19.739740 0.683951
19.759760 0.728452
19.779780 0.770072
19.799800 0.808647
19.819820 0.844024
19.839840 0.876064
19.859860 0.904640
19.879880 0.929638
19.899900 0.950959
19.919920 0.968521
19.939940 0.982252
19.959960 0.992099
19.979980 0.998023
20.000000 1.000000
