0.000000 -0.261064
0.020020 -0.321222
0.040040 -0.380109
0.060060 -0.437493
0.080080 -0.493147
0.100100 -0.546851
0.120120 -0.598392
0.140140 -0.647567
0.160160 -0.694182
0.180180 -0.738051
0.200200 -0.779002
0.220220 -0.816872
0.240240 -0.851512
0.260260 -0.882784
0.280280 -0.910566
0.300300 -0.934747
0.320320 -0.955231
0.340340 -0.971938
0.360360 -0.984802
0.380380 -0.993771
0.400400 -0.998811
0.420420 -0.999900
0.440440 -0.997036
0.460460 -0.990229
0.480480 -0.979506
0.500501 -0.964910
0.520521 -0.946498
0.540541 -0.924343
0.560561 -0.898533
0.580581 -0.869169
0.600601 -0.836369
0.620621 -0.800261
0.640641 -0.760989
0.660661 -0.718707
0.680681 -0.673584
0.700701 -0.625796
0.720721 -0.575534
0.740741 -0.522996
0.760761 -0.468390
0.780781 -0.411932
0.800801 -0.353844
0.820821 -0.294358
0.840841 -0.233707
0.860861 -0.172132
0.880881 -0.109877
0.900901 -0.047187
0.920921 0.015690
0.940941 0.078504
0.960961 0.141008
0.980981 0.202955
1.001001 0.264099
1.021021 0.324198
1.041041 0.383016
1.061061 0.440319
1.081081 0.495880
1.101101 0.549481
1.121121 0.600909
1.141141 0.649961
1.161161 0.696442
1.181181 0.740169
1.201201 0.780970
1.221221 0.818682
1.241241 0.853156
1.261261 0.884257
1.281281 0.911861
1.301301 0.935860
1.321321 0.956157
1.341341 0.972673
1.361361 0.985343
1.381381 0.994117
1.401401 0.998959
1.421421 0.999851
1.441441 0.996789
1.461461 0.989785
1.481481 0.978868
1.501502 0.964079
1.521522 0.945478
1.541542 0.923138
1.561562 0.897148
1.581582 0.867610
1.601602 0.834641
1.621622 0.798372
1.641642 0.758945
1.661662 0.716517
1.681682 0.671256
1.701702 0.623340
1.721722 0.572960
1.741742 0.520313
1.761762 0.465609
1.781782 0.409064
1.801802 0.350901
1.821822 0.291351
1.841842 0.230648
1.861862 0.169034
1.881882 0.106751
1.901902 0.044045
1.921922 -0.018834
1.941942 -0.081639
1.961962 -0.144121
1.981982 -0.206033
2.002002 -0.267130
2.022022 -0.327172
2.042042 -0.385919
2.062062 -0.443140
2.082082 -0.498609
2.102102 -0.552106
2.122122 -0.603420
2.142142 -0.652347
2.162162 -0.698695
2.182182 -0.742280
2.202202 -0.782930
2.222222 -0.820484
2.242242 -0.854793
2.262262 -0.885721
2.282282 -0.913148
2.302302 -0.936963
2.322322 -0.957073
2.342342 -0.973399
2.362362 -0.985875
2.382382 -0.994452
2.402402 -0.999098
2.422422 -0.999792
2.442442 -0.996532
2.462462 -0.989332
2.482482 -0.978220
2.502503 -0.963239
2.522523 -0.944449
2.542543 -0.921925
2.562563 -0.895755
2.582583 -0.866042
2.602603 -0.832905
2.622623 -0.796474
2.642643 -0.756894
2.662663 -0.714320
2.682683 -0.668922
2.702703 -0.620878
2.722723 -0.570379
2.742743 -0.517625
2.762763 -0.462824
2.782783 -0.406192
2.802803 -0.347955
2.822823 -0.288341
2.842843 -0.227587
2.862863 -0.165933
2.882883 -0.103623
2.902903 -0.040904
2.922923 0.021978
2.942943 0.084773
2.962963 0.147232
2.982983 0.209109
3.003003 0.270160
3.023023 0.330142
3.043043 0.388818
3.063063 0.445957
3.083083 0.501332
3.103103 0.554725
3.123123 0.605924
3.143143 0.654727
3.163163 0.700942
3.183183 0.744384
3.203203 0.784882
3.223223 0.822277
3.243243 0.856420
3.263263 0.887177
3.283283 0.914425
3.303303 0.938057
3.323323 0.957980
3.343343 0.974114
3.363363 0.986397
3.383383 0.994778
3.403403 0.999226
3.423423 0.999723
3.443443 0.996266
3.463463 0.988869
3.483483 0.977562
3.503504 0.962390
3.523524 0.943411
3.543544 0.920702
3.563564 0.894352
3.583584 0.864466
3.603604 0.831160
3.623624 0.794569
3.643644 0.754835
3.663664 0.712116
3.683684 0.666581
3.703704 0.618410
3.723724 0.567794
3.743744 0.514932
3.763764 0.460034
3.783784 0.403317
3.803804 0.345005
3.823824 0.285329
3.843844 0.224524
3.863864 0.162831
3.883884 0.100495
3.903904 0.037761
3.923924 -0.025122
3.943944 -0.087906
3.963964 -0.150342
3.983984 -0.212183
4.004004 -0.273186
4.024024 -0.333108
4.044044 -0.391713
4.064064 -0.448769
4.084084 -0.504051
4.104104 -0.557339
4.124124 -0.608423
4.144144 -0.657101
4.164164 -0.703181
4.184184 -0.746480
4.204204 -0.786827
4.224224 -0.824063
4.244244 -0.858040
4.264264 -0.888624
4.284284 -0.915693
4.304304 -0.939142
4.324324 -0.958877
4.344344 -0.974820
4.364364 -0.986909
4.384384 -0.995094
4.404404 -0.999345
4.424424 -0.999644
4.444444 -0.995989
4.464464 -0.988396
4.484484 -0.976895
4.504505 -0.961530
4.524525 -0.942364
4.544545 -0.919470
4.564565 -0.892941
4.584585 -0.862880
4.604605 -0.829408
4.624625 -0.792655
4.644645 -0.752768
4.664665 -0.709904
4.684685 -0.664233
4.704705 -0.615936
4.724725 -0.565202
4.744745 -0.512234
4.764765 -0.457239
4.784785 -0.400437
4.804805 -0.342051
4.824825 -0.282313
4.844845 -0.221458
4.864865 -0.159728
4.884885 -0.097366
4.904905 -0.034619
4.924925 0.028266
4.944945 0.091038
4.964965 0.153450
4.984985 0.215256
5.005005 0.276210
5.025025 0.336072
5.045045 0.394605
5.065065 0.451577
5.085085 0.506764
5.105105 0.559947
5.125125 0.610916
5.145145 0.659468
5.165165 0.705413
5.185185 0.748569
5.205205 0.788764
5.225225 0.825840
5.245245 0.859651
5.265265 0.890061
5.285285 0.916953
5.305305 0.940218
5.325325 0.959765
5.345345 0.975517
5.365365 0.987411
5.385385 0.995401
5.405405 0.999454
5.425425 0.999555
5.445445 0.995703
5.465465 0.987914
5.485485 0.976218
5.505506 0.960662
5.525526 0.941307
5.545546 0.918229
5.565566 0.891521
5.585586 0.861287
5.605606 0.827647
5.625626 0.790734
5.645646 0.750694
5.665666 0.707686
5.685686 0.661879
5.705706 0.613455
5.725726 0.562605
5.745746 0.509530
5.765766 0.454440
5.785786 0.397554
5.805806 0.339095
5.825826 0.279295
5.845846 0.218391
5.865866 0.156623
5.885886 0.094235
5.905906 0.031476
5.925926 -0.031409
5.945946 -0.094169
5.965966 -0.156557
5.985986 -0.218326
6.006006 -0.279231
6.026026 -0.339032
6.046046 -0.397492
6.066066 -0.454381
6.086086 -0.509473
6.106106 -0.562550
6.126126 -0.613402
6.146146 -0.661829
6.166166 -0.707639
6.186186 -0.750650
6.206206 -0.790693
6.226226 -0.827609
6.246246 -0.861253
6.266266 -0.891491
6.286286 -0.918203
6.306306 -0.941284
6.326326 -0.960643
6.346346 -0.976204
6.366366 -0.987904
6.386386 -0.995697
6.406406 -0.999553
6.426426 -0.999456
6.446446 -0.995407
6.466466 -0.987422
6.486486 -0.975532
6.506507 -0.959784
6.526527 -0.940241
6.546547 -0.916979
6.566567 -0.890092
6.586587 -0.859685
6.606607 -0.825878
6.626627 -0.788805
6.646647 -0.748613
6.666667 -0.705461
6.686687 -0.659519
6.706707 -0.610969
6.726727 -0.560002
6.746747 -0.506822
6.766767 -0.451637
6.786787 -0.394666
6.806807 -0.336135
6.826827 -0.276274
6.846847 -0.215321
6.866867 -0.153516
6.886887 -0.091104
6.906907 -0.028332
6.926927 0.034552
6.946947 0.097299
6.966967 0.159662
6.986987 0.221393
7.007007 0.282249
7.027027 0.341989
7.047047 0.400376
7.067067 0.457180
7.087087 0.512176
7.107107 0.565147
7.127127 0.615883
7.147147 0.664183
7.167167 0.709857
7.187187 0.752724
7.207207 0.792615
7.227227 0.829370
7.247247 0.862847
7.267267 0.892911
7.287287 0.919444
7.307307 0.942341
7.327327 0.961512
7.347347 0.976881
7.367367 0.988386
7.387387 0.995983
7.407407 0.999642
7.427427 0.999347
7.447447 0.995101
7.467467 0.986919
7.487487 0.974835
7.507508 0.958896
7.527528 0.939165
7.547548 0.915720
7.567568 0.888654
7.587588 0.858074
7.607608 0.824101
7.627628 0.786868
7.647648 0.746524
7.667668 0.703228
7.687688 0.657152
7.707708 0.608476
7.727728 0.557394
7.747748 0.504108
7.767768 0.448829
7.787788 0.391775
7.807808 0.333171
7.827828 0.273250
7.847848 0.212249
7.867868 0.150408
7.887888 0.087972
7.907908 0.025189
7.927928 -0.037695
7.947948 -0.100429
7.967968 -0.162766
7.987988 -0.224459
8.008008 -0.285265
8.028028 -0.344942
8.048048 -0.403256
8.068068 -0.459975
8.088088 -0.514875
8.108108 -0.567739
8.128128 -0.618357
8.148148 -0.666531
8.168168 -0.712069
8.188188 -0.754791
8.208208 -0.794528
8.228228 -0.831123
8.248248 -0.864432
8.268268 -0.894322
8.288288 -0.920676
8.308308 -0.943389
8.328328 -0.962371
8.348348 -0.977548
8.368368 -0.988859
8.388388 -0.996260
8.408408 -0.999721
8.428428 -0.999229
8.448448 -0.994785
8.468468 -0.986408
8.488488 -0.974129
8.508509 -0.957999
8.528529 -0.938080
8.548549 -0.914452
8.568569 -0.887208
8.588589 -0.856455
8.608609 -0.822315
8.628629 -0.784924
8.648649 -0.744428
8.668669 -0.700989
8.688689 -0.654778
8.708709 -0.605977
8.728729 -0.554781
8.748749 -0.501390
8.768769 -0.446017
8.788789 -0.388879
8.808809 -0.330205
8.828829 -0.270224
8.848849 -0.209175
8.868869 -0.147298
8.888889 -0.084839
8.908909 -0.022045
8.928929 0.040837
8.948949 0.103557
8.968969 0.165868
8.988989 0.227522
9.009009 0.288277
9.029029 0.347892
9.049049 0.406132
9.069069 0.462765
9.089089 0.517568
9.109109 0.570325
9.129129 0.620826
9.149149 0.668872
9.169169 0.714273
9.189189 0.756850
9.209209 0.796434
9.229229 0.832868
9.249249 0.866009
9.269269 0.895725
9.289289 0.921899
9.309309 0.944427
9.329329 0.963221
9.349349 0.978206
9.369369 0.989323
9.389389 0.996527
9.409409 0.999790
9.429429 0.999100
9.449449 0.994459
9.469469 0.985886
9.489489 0.973414
9.509510 0.957093
9.529530 0.936986
9.549550 0.913175
9.569570 0.885752
9.589590 0.854827
9.609610 0.820522
9.629630 0.782971
9.649650 0.742325
9.669670 0.698743
9.689690 0.652398
9.709710 0.603473
9.729730 0.552161
9.749750 0.498667
9.769770 0.443200
9.789790 0.385980
9.809810 0.327235
9.829830 0.267195
9.849850 0.206098
9.869870 0.144187
9.889890 0.081705
9.909910 0.018901
9.929930 -0.043979
9.949950 -0.106684
9.969970 -0.168968
9.989990 -0.230583
10.010010 -0.291287
10.030030 -0.350839
10.050050 -0.409003
10.070070 -0.465550
10.090090 -0.520256
10.110110 -0.572905
10.130130 -0.623288
10.150150 -0.671206
10.170170 -0.716471
10.190190 -0.758902
10.210210 -0.798331
10.230230 -0.834604
10.250250 -0.867577
10.270270 -0.897119
10.290290 -0.923113
10.310310 -0.945457
10.330330 -0.964061
10.350350 -0.978854
10.370370 -0.989776
10.390390 -0.996784
10.410410 -0.999850
10.430430 -0.998962
10.450450 -0.994124
10.470470 -0.985355
10.490490 -0.972689
10.510511 -0.956177
10.530531 -0.935883
10.550551 -0.911889
10.570571 -0.884288
10.590591 -0.853191
10.610611 -0.818720
10.630631 -0.781011
10.650651 -0.740214
10.670671 -0.696490
10.690691 -0.650011
10.710711 -0.600962
10.730731 -0.549537
10.750751 -0.495938
10.770771 -0.440379
10.790791 -0.383077
10.810811 -0.324261
10.830831 -0.264163
10.850851 -0.203020
10.870871 -0.141074
10.890891 -0.078571
10.910911 -0.015756
10.930931 0.047120
10.950951 0.109811
10.970971 0.172067
10.990991 0.233642
11.011011 0.294294
11.031031 0.353782
11.051051 0.411871
11.071071 0.468331
11.091091 0.522939
11.111111 0.575480
11.131131 0.625744
11.151151 0.673534
11.171171 0.718661
11.191191 0.760946
11.211211 0.800221
11.231231 0.836333
11.251251 0.869136
11.271271 0.898504
11.291291 0.924317
11.311311 0.946476
11.331331 0.964892
11.351351 0.979493
11.371371 0.990220
11.391391 0.997031
11.411411 0.999899
11.431431 0.998814
11.451451 0.993779
11.471471 0.984814
11.491491 0.971954
11.511512 0.955251
11.531532 0.934771
11.551552 0.910593
11.571572 0.882816
11.591592 0.851547
11.611612 0.816910
11.631632 0.779044
11.651652 0.738096
11.671672 0.694230
11.691692 0.647618
11.711712 0.598446
11.731732 0.546907
11.751752 0.493205
11.771772 0.437553
11.791792 0.380171
11.811812 0.321285
11.831832 0.261129
11.851852 0.199940
11.871872 0.137960
11.891892 0.075435
11.911912 0.012612
11.931932 -0.050261
11.951952 -0.112936
11.971972 -0.175164
11.991992 -0.236699
12.012012 -0.297298
12.032032 -0.356722
12.052052 -0.414734
12.072072 -0.471107
12.092092 -0.525617
12.112112 -0.578049
12.132132 -0.628194
12.152152 -0.675855
12.172172 -0.720844
12.192192 -0.762982
12.212212 -0.802103
12.232232 -0.838052
12.252252 -0.870687
12.272272 -0.899879
12.292292 -0.925513
12.312312 -0.947487
12.332332 -0.965713
12.352352 -0.980121
12.372372 -0.990653
12.392392 -0.997268
12.412412 -0.999939
12.432432 -0.998656
12.452452 -0.993423
12.472472 -0.984263
12.492492 -0.971210
12.512513 -0.954316
12.532533 -0.933649
12.552553 -0.909289
12.572573 -0.881334
12.592593 -0.849894
12.612613 -0.815092
12.632633 -0.777068
12.652653 -0.735971
12.672673 -0.691963
12.692693 -0.645219
12.712713 -0.595923
12.732733 -0.544271
12.752753 -0.490467
12.772773 -0.434723
12.792793 -0.377260
12.812813 -0.318305
12.832833 -0.258092
12.852853 -0.196858
12.872873 -0.134845
12.892893 -0.072299
12.912913 -0.009467
12.932933 0.053402
12.952953 0.116060
12.972973 0.178259
12.992993 0.239753
13.013013 0.300299
13.033033 0.359658
13.053053 0.417594
13.073073 0.473879
13.093093 0.528290
13.113113 0.580612
13.133133 0.630638
13.153153 0.678170
13.173173 0.723020
13.193193 0.765011
13.213213 0.803977
13.233233 0.839764
13.253253 0.872230
13.273273 0.901247
13.293293 0.926699
13.313313 0.948488
13.333333 0.966525
13.353353 0.980740
13.373373 0.991078
13.393393 0.997495
13.413413 0.999969
13.433433 0.998488
13.453453 0.993059
13.473473 0.983702
13.493493 0.970456
13.513514 0.953372
13.533534 0.932518
13.553554 0.907976
13.573574 0.879844
13.593594 0.848232
13.613614 0.813267
13.633634 0.775085
13.653654 0.733838
13.673674 0.689689
13.693694 0.642813
13.713714 0.593395
13.733734 0.541631
13.753754 0.487724
13.773774 0.431889
13.793794 0.374346
13.813814 0.315323
13.833834 0.255052
13.853854 0.193773
13.873874 0.131728
13.893894 0.069162
13.913914 0.006323
13.933934 -0.056542
13.953954 -0.119183
13.973974 -0.181352
13.993994 -0.242805
14.014014 -0.303297
14.034034 -0.362590
14.054054 -0.420449
14.074074 -0.476646
14.094094 -0.530957
14.114114 -0.583169
14.134134 -0.633075
14.154154 -0.680478
14.174174 -0.725189
14.194194 -0.767033
14.214214 -0.805843
14.234234 -0.841467
14.254254 -0.873764
14.274274 -0.902605
14.294294 -0.927877
14.314314 -0.949479
14.334334 -0.967327
14.354354 -0.981350
14.374374 -0.991492
14.394394 -0.997713
14.414414 -0.999989
14.434434 -0.998310
14.454454 -0.992684
14.474474 -0.983132
14.494494 -0.969692
14.514515 -0.952418
14.534535 -0.931377
14.554555 -0.906654
14.574575 -0.878345
14.594595 -0.846563
14.614615 -0.811433
14.634635 -0.773094
14.654655 -0.731698
14.674675 -0.687409
14.694695 -0.640401
14.714715 -0.590861
14.734735 -0.538984
14.754755 -0.484976
14.774775 -0.429050
14.794795 -0.371428
14.814815 -0.312337
14.834835 -0.252010
14.854855 -0.190687
14.874875 -0.128610
14.894895 -0.066025
14.914915 -0.003178
14.934935 0.059681
14.954955 0.122304
14.974975 0.184444
14.994995 0.245854
15.015015 0.306292
15.035035 0.365519
15.055055 0.423300
15.075075 0.479408
15.095095 0.533620
15.115115 0.585721
15.135135 0.635506
15.155155 0.682779
15.175175 0.727351
15.195195 0.769047
15.215215 0.807701
15.235235 0.843162
15.255255 0.875289
15.275275 0.903954
15.295295 0.929045
15.315315 0.950461
15.335335 0.968120
15.355355 0.981949
15.375375 0.991896
15.395395 0.997921
15.415415 0.999999
15.435435 0.998122
15.455455 0.992299
15.475475 0.982552
15.495495 0.968919
15.515516 0.951455
15.535536 0.930228
15.555556 0.905323
15.575576 0.876837
15.595596 0.844885
15.615616 0.809591
15.635636 0.771095
15.655656 0.729551
15.675676 0.685121
15.695696 0.637983
15.715716 0.588321
15.735736 0.536333
15.755756 0.482224
15.775776 0.426208
15.795796 0.368506
15.815816 0.309348
15.835836 0.248966
15.855856 0.187599
15.875876 0.125491
15.895896 0.062887
15.915916 0.000033
15.935936 -0.062820
15.955956 -0.125425
15.975976 -0.187534
15.995996 -0.248901
16.016016 -0.309284
16.036036 -0.368444
16.056056 -0.426147
16.076076 -0.482165
16.096096 -0.536276
16.116116 -0.588267
16.136136 -0.637931
16.156156 -0.685073
16.176176 -0.729505
16.196196 -0.771053
16.216216 -0.809552
16.236236 -0.844849
16.256256 -0.876805
16.276276 -0.905294
16.296296 -0.930203
16.316316 -0.951434
16.336336 -0.968903
16.356356 -0.982539
16.376376 -0.992291
16.396396 -0.998118
16.416416 -0.999999
16.436436 -0.997925
16.456456 -0.991905
16.476476 -0.981962
16.496496 -0.968136
16.516517 -0.950482
16.536537 -0.929069
16.556557 -0.903983
16.576577 -0.875321
16.596597 -0.843198
16.616617 -0.807741
16.636637 -0.769089
16.656657 -0.727397
16.676677 -0.682827
16.696697 -0.635558
16.716717 -0.585775
16.736737 -0.533676
16.756757 -0.479466
16.776777 -0.423361
16.796797 -0.365581
16.816817 -0.306356
16.836837 -0.245919
16.856857 -0.184510
16.876877 -0.122371
16.896897 -0.059748
16.916917 0.003111
16.936937 0.065958
16.956957 0.128544
16.976977 0.190622
16.996997 0.251946
17.017017 0.312273
17.037037 0.371366
17.057057 0.428990
17.077077 0.484918
17.097097 0.538928
17.117117 0.590807
17.137137 0.640350
17.157157 0.687360
17.177177 0.731653
17.197197 0.773052
17.217217 0.811394
17.237237 0.846527
17.257257 0.878313
17.277277 0.906626
17.297297 0.931353
17.317317 0.952398
17.337337 0.969676
17.357357 0.983120
17.377377 0.992676
17.397397 0.998306
17.417417 0.999989
17.437437 0.997717
17.457457 0.991500
17.477477 0.981363
17.497497 0.967344
17.517518 0.949500
17.537538 0.927901
17.557558 0.902633
17.577578 0.873796
17.597598 0.841503
17.617618 0.805883
17.637638 0.767076
17.657658 0.725235
17.677678 0.680526
17.697698 0.633127
17.717718 0.583223
17.737738 0.531014
17.757758 0.476704
17.777778 0.420510
17.797798 0.362652
17.817818 0.303361
17.837838 0.242870
17.857858 0.181418
17.877878 0.119249
17.897898 0.056608
17.917918 -0.006256
17.937938 -0.069096
17.957958 -0.131662
17.977978 -0.193708
17.997998 -0.254988
18.018018 -0.315259
18.038038 -0.374284
18.058058 -0.431829
18.078078 -0.487666
18.098098 -0.541574
18.118118 -0.593341
18.138138 -0.642762
18.158158 -0.689641
18.178178 -0.733793
18.198198 -0.775043
18.218218 -0.813228
18.238238 -0.848197
18.258258 -0.879812
18.278278 -0.907948
18.298298 -0.932494
18.318318 -0.953352
18.338338 -0.970440
18.358358 -0.983690
18.378378 -0.993051
18.398398 -0.998484
18.418418 -0.999969
18.438438 -0.997500
18.458458 -0.991086
18.478478 -0.980753
18.498498 -0.966542
18.518519 -0.948509
18.538539 -0.926724
18.558559 -0.901276
18.578579 -0.872263
18.598599 -0.839800
18.618619 -0.804017
18.638639 -0.765054
18.658659 -0.723066
18.678679 -0.678219
18.698699 -0.630689
18.718719 -0.580666
18.738739 -0.528347
18.758759 -0.473938
18.778779 -0.417655
18.798799 -0.359720
18.818819 -0.300363
18.838839 -0.239818
18.858859 -0.178325
18.878879 -0.116126
18.898899 -0.053468
18.918919 0.009401
18.938939 0.072233
18.958959 0.134779
18.978979 0.196792
18.998999 0.258027
19.019019 0.318242
19.039039 0.377198
19.059059 0.434663
19.079079 0.490409
19.099099 0.544215
19.119119 0.595870
19.139139 0.645168
19.159159 0.691915
19.179179 0.735925
19.199199 0.777026
19.219219 0.815054
19.239239 0.849859
19.259259 0.881303
19.279279 0.909261
19.299299 0.933625
19.319319 0.954296
19.339339 0.971194
19.359359 0.984251
19.379379 0.993416
19.399399 0.998652
19.419419 0.999940
19.439439 0.997273
19.459459 0.990663
19.479479 0.980135
19.499499 0.965731
19.519520 0.947508
19.539540 0.925538
19.559560 0.899909
19.579580 0.870720
19.599600 0.838089
19.619620 0.802143
19.639640 0.763025
19.659660 0.720890
19.679680 0.675905
19.699700 0.628246
19.719720 0.578103
19.739740 0.525674
19.759760 0.471166
19.779780 0.414795
19.799800 0.356784
19.819820 0.297362
19.839840 0.236764
19.859860 0.175229
19.879880 0.113002
19.899900 0.050328
19.919920 -0.012545
19.939940 -0.075369
19.959960 -0.137894
19.979980 -0.199874
20.000000 -0.261064
