0.000000 -0.925209
0.020020 -0.947230
0.040040 -0.965505
0.060060 -0.979962
0.080080 -0.990544
0.100100 -0.997208
0.120120 -0.999930
0.140140 -0.998697
0.160160 -0.993515
0.180180 -0.984404
0.200200 -0.971401
0.220220 -0.954556
0.240240 -0.933936
0.260260 -0.909623
0.280280 -0.881713
0.300300 -0.850317
0.320320 -0.815557
0.340340 -0.777573
0.360360 -0.736514
0.380380 -0.692542
0.400400 -0.645832
0.420420 -0.596568
0.440440 -0.544945
0.460460 -0.491167
0.480480 -0.435446
0.500501 -0.378004
0.520521 -0.319066
0.540541 -0.258867
0.560561 -0.197645
0.580581 -0.135641
0.600601 -0.073100
0.620621 -0.010270
0.640641 0.052600
0.660661 0.115262
0.680681 0.177469
0.700701 0.238973
0.720721 0.299533
0.740741 0.358908
0.760761 0.416864
0.780781 0.473172
0.800801 0.527608
0.820821 0.579958
0.840841 0.630014
0.860861 0.677580
0.880881 0.722465
0.900901 0.764494
0.920921 0.803500
0.940941 0.839328
0.960961 0.871837
0.980981 0.900898
1.001001 0.926397
1.021021 0.948233
1.041041 0.966319
1.061061 0.980583
1.081081 0.990970
1.101101 0.997438
1.121121 0.999962
1.141141 0.998532
1.161161 0.993153
1.181181 0.983846
1.201201 0.970649
1.221221 0.953614
1.241241 0.932807
1.261261 0.908312
1.281281 0.880225
1.301301 0.848657
1.321321 0.813734
1.341341 0.775592
1.361361 0.734383
1.381381 0.690270
1.401401 0.643428
1.421421 0.594041
1.441441 0.542305
1.461461 0.488425
1.481481 0.432613
1.501502 0.375090
1.521522 0.316084
1.541542 0.255829
1.561562 0.194561
1.581582 0.132524
1.601602 0.069963
1.621622 0.007126
1.641642 -0.055740
1.661662 -0.118386
1.681682 -0.180563
1.701702 -0.242026
1.721722 -0.302532
1.741742 -0.361842
1.761762 -0.419721
1.781782 -0.475940
1.801802 -0.530277
1.821822 -0.582517
1.841842 -0.632453
1.861862 -0.679889
1.881882 -0.724636
1.901902 -0.766517
1.921922 -0.805368
1.941942 -0.841033
1.961962 -0.873373
1.981982 -0.902259
2.002002 -0.927577
2.022022 -0.949227
2.042042 -0.967123
2.062062 -0.981195
2.082082 -0.991387
2.102102 -0.997658
2.122122 -0.999985
2.142142 -0.998356
2.162162 -0.992780
2.182182 -0.983278
2.202202 -0.969888
2.222222 -0.952662
2.242242 -0.931669
2.262262 -0.906992
2.282282 -0.878728
2.302302 -0.846990
2.322322 -0.811902
2.342342 -0.773603
2.362362 -0.732245
2.382382 -0.687992
2.402402 -0.641017
2.422422 -0.591508
2.442442 -0.539660
2.462462 -0.485678
2.482482 -0.429776
2.502503 -0.372173
2.522523 -0.313099
2.542543 -0.252787
2.562563 -0.191475
2.582583 -0.129407
2.602603 -0.066826
2.622623 -0.003981
2.642643 0.058880
2.662663 0.121508
2.682683 0.183655
2.702703 0.245076
2.722723 0.305528
2.742743 0.364772
2.762763 0.422573
2.782783 0.478703
2.802803 0.532940
2.822823 0.585070
2.842843 0.634886
2.862863 0.682192
2.882883 0.726800
2.902903 0.768533
2.922923 0.807228
2.942943 0.842730
2.962963 0.874900
2.982983 0.903610
3.003003 0.928747
3.023023 0.950212
3.043043 0.967918
3.063063 0.981797
3.083083 0.991794
3.103103 0.997868
3.123123 0.999997
3.143143 0.998171
3.163163 0.992398
3.183183 0.982701
3.203203 0.969117
3.223223 0.951702
3.243243 0.930522
3.263263 0.905663
3.283283 0.877223
3.303303 0.845314
3.323323 0.810062
3.343343 0.771606
3.363363 0.730100
3.383383 0.685706
3.403403 0.638601
3.423423 0.588970
3.443443 0.537010
3.463463 0.482927
3.483483 0.426934
3.503504 0.369253
3.523524 0.310111
3.543544 0.249743
3.563564 0.188388
3.583584 0.126288
3.603604 0.063688
3.623624 0.000836
3.643644 -0.062019
3.663664 -0.124628
3.683684 -0.186745
3.703704 -0.248124
3.723724 -0.308521
3.743744 -0.367698
3.763764 -0.425421
3.783784 -0.481462
3.803804 -0.535599
3.823824 -0.587618
3.843844 -0.637313
3.863864 -0.684488
3.883884 -0.728956
3.903904 -0.770541
3.923924 -0.809080
3.943944 -0.844419
3.963964 -0.876419
3.983984 -0.904953
4.004004 -0.929908
4.024024 -0.951187
4.044044 -0.968704
4.064064 -0.982390
4.084084 -0.992191
4.104104 -0.998069
4.124124 -1.000000
4.144144 -0.997976
4.164164 -0.992006
4.184184 -0.982114
4.204204 -0.968337
4.224224 -0.950731
4.244244 -0.929366
4.264264 -0.904326
4.284284 -0.875709
4.304304 -0.843629
4.324324 -0.808214
4.344344 -0.769602
4.364364 -0.727947
4.384384 -0.683414
4.404404 -0.636177
4.424424 -0.586426
4.444444 -0.534355
4.464464 -0.480171
4.484484 -0.424088
4.504505 -0.366328
4.524525 -0.307120
4.544545 -0.246697
4.564565 -0.185299
4.584585 -0.123167
4.604605 -0.060549
4.624625 0.002309
4.644645 0.065157
4.664665 0.127748
4.684685 0.189834
4.704705 0.251169
4.724725 0.311511
4.744745 0.370620
4.764765 0.428265
4.784785 0.484216
4.804805 0.538252
4.824825 0.590159
4.844845 0.639733
4.864865 0.686777
4.884885 0.731105
4.904905 0.772542
4.924925 0.810924
4.944945 0.846099
4.964965 0.877929
4.984985 0.906287
5.005005 0.931061
5.025025 0.952153
5.045045 0.969479
5.065065 0.982972
5.085085 0.992578
5.105105 0.998259
5.125125 0.999992
5.145145 0.997771
5.165165 0.991605
5.185185 0.981517
5.205205 0.967547
5.225225 0.949752
5.245245 0.928200
5.265265 0.902979
5.285285 0.874186
5.305305 0.841937
5.325325 0.806358
5.345345 0.767590
5.365365 0.725788
5.385385 0.681114
5.405405 0.633748
5.425425 0.583875
5.445445 0.531694
5.465465 0.477410
5.485485 0.421238
5.505506 0.363400
5.525526 0.304126
5.545546 0.243648
5.565566 0.182207
5.585586 0.120046
5.605606 0.057410
5.625626 -0.005453
5.645646 -0.068295
5.665666 -0.130866
5.685686 -0.192920
5.705706 -0.254211
5.725726 -0.314497
5.745746 -0.373539
5.765766 -0.431104
5.785786 -0.486965
5.805806 -0.540899
5.825826 -0.592695
5.845846 -0.642147
5.865866 -0.689059
5.885886 -0.733247
5.905906 -0.774535
5.925926 -0.812760
5.945946 -0.847771
5.965966 -0.879430
5.985986 -0.907611
6.006006 -0.932203
6.026026 -0.953109
6.046046 -0.970246
6.066066 -0.983545
6.086086 -0.992956
6.106106 -0.998440
6.126126 -0.999975
6.146146 -0.997557
6.166166 -0.991193
6.186186 -0.980910
6.206206 -0.966748
6.226226 -0.948763
6.246246 -0.927026
6.266266 -0.901623
6.286286 -0.872655
6.306306 -0.840236
6.326326 -0.804494
6.346346 -0.765571
6.366366 -0.723621
6.386386 -0.678809
6.406406 -0.631312
6.426426 -0.581320
6.446446 -0.529028
6.466466 -0.474644
6.486486 -0.418384
6.506507 -0.360469
6.526527 -0.301128
6.546547 -0.240597
6.566567 -0.179114
6.586587 -0.116923
6.606607 -0.054270
6.626627 0.008598
6.646647 0.071432
6.666667 0.133983
6.686687 0.196005
6.706707 0.257252
6.726727 0.317481
6.746747 0.376455
6.766767 0.433940
6.786787 0.489709
6.806807 0.543542
6.826827 0.595225
6.846847 0.644554
6.866867 0.691335
6.886887 0.735382
6.906907 0.776520
6.926927 0.814588
6.946947 0.849435
6.966967 0.880923
6.986987 0.908927
7.007007 0.933337
7.027027 0.954056
7.047047 0.971002
7.067067 0.984109
7.087087 0.993324
7.107107 0.998610
7.127127 0.999948
7.147147 0.997332
7.167167 0.990772
7.187187 0.980293
7.207207 0.965939
7.227227 0.947764
7.247247 0.925842
7.267267 0.900258
7.287287 0.871115
7.307307 0.838527
7.327327 0.802622
7.347347 0.763544
7.367367 0.721447
7.387387 0.676496
7.407407 0.628870
7.427427 0.578758
7.447447 0.526357
7.467467 0.471874
7.487487 0.415526
7.507508 0.357534
7.527528 0.298128
7.547548 0.237544
7.567568 0.176020
7.587588 0.113800
7.607608 0.051130
7.627628 -0.011742
7.647648 -0.074568
7.667668 -0.137099
7.687688 -0.199088
7.707708 -0.260289
7.727728 -0.320461
7.747748 -0.379366
7.767768 -0.436771
7.787788 -0.492448
7.807808 -0.546179
7.827828 -0.597749
7.847848 -0.646955
7.867868 -0.693604
7.887888 -0.737509
7.907908 -0.778498
7.927928 -0.816408
7.947948 -0.851090
7.967968 -0.882407
7.987988 -0.910234
8.008008 -0.934461
8.028028 -0.954993
8.048048 -0.971749
8.068068 -0.984662
8.088088 -0.993681
8.108108 -0.998771
8.128128 -0.999911
8.148148 -0.997097
8.168168 -0.990341
8.188188 -0.979667
8.208208 -0.965120
8.228228 -0.946757
8.248248 -0.924649
8.268268 -0.898885
8.288288 -0.869566
8.308308 -0.836809
8.328328 -0.800743
8.348348 -0.761510
8.368368 -0.719265
8.388388 -0.674177
8.408408 -0.626422
8.428428 -0.576191
8.448448 -0.523680
8.468468 -0.469099
8.488488 -0.412663
8.508509 -0.354595
8.528529 -0.295125
8.548549 -0.234488
8.568569 -0.172923
8.588589 -0.110675
8.608609 -0.047989
8.628629 0.014887
8.648649 0.077704
8.668669 0.140213
8.688689 0.202169
8.708709 0.263324
8.728729 0.323439
8.748749 0.382274
8.768769 0.439598
8.788789 0.495183
8.808809 0.548810
8.828829 0.600267
8.848849 0.649350
8.868869 0.695866
8.888889 0.739629
8.908909 0.780468
8.928929 0.818220
8.948949 0.852737
8.968969 0.883882
8.988989 0.911531
9.009009 0.935576
9.029029 0.955922
9.049049 0.972487
9.069069 0.985206
9.089089 0.994029
9.109109 0.998922
9.129129 0.999865
9.149149 0.996853
9.169169 0.989900
9.189189 0.979032
9.209209 0.964292
9.229229 0.945739
9.249249 0.923447
9.269269 0.897502
9.289289 0.868009
9.309309 0.835083
9.329329 0.798855
9.349349 0.759468
9.369369 0.717077
9.389389 0.671851
9.409409 0.623968
9.429429 0.573617
9.449449 0.520999
9.469469 0.466320
9.489489 0.409797
9.509510 0.351653
9.529530 0.292119
9.549550 0.231429
9.569570 0.169825
9.589590 0.107549
9.609610 0.044848
9.629630 -0.018031
9.649650 -0.080839
9.669670 -0.143326
9.689690 -0.205247
9.709710 -0.266357
9.729730 -0.326413
9.749750 -0.385178
9.769770 -0.442420
9.789790 -0.497913
9.809810 -0.551436
9.829830 -0.602779
9.849850 -0.651739
9.869870 -0.698121
9.889890 -0.741742
9.909910 -0.782430
9.929930 -0.820024
9.949950 -0.854376
9.969970 -0.885348
9.989990 -0.912820
10.010010 -0.936682
10.030030 -0.956840
10.050050 -0.973214
10.070070 -0.985740
10.090090 -0.994368
10.110110 -0.999063
10.130130 -0.999808
10.150150 -0.996599
10.170170 -0.989449
10.190190 -0.978386
10.210210 -0.963455
10.230230 -0.944713
10.250250 -0.922236
10.270270 -0.896111
10.290290 -0.866443
10.310310 -0.833349
10.330330 -0.796959
10.350350 -0.757418
10.370370 -0.714882
10.390390 -0.669518
10.410410 -0.621507
10.430430 -0.571039
10.450450 -0.518312
10.470470 -0.463535
10.490490 -0.406926
10.510511 -0.348707
10.530531 -0.289110
10.550551 -0.228369
10.570571 -0.166725
10.590591 -0.104422
10.610611 -0.041706
10.630631 0.021175
10.650651 0.083973
10.670671 0.146438
10.690691 0.208324
10.710711 0.269386
10.730731 0.329384
10.750751 0.388078
10.770771 0.445238
10.790791 0.500637
10.810811 0.554057
10.830831 0.605285
10.850851 0.654120
10.870871 0.700369
10.890891 0.743847
10.910911 0.784385
10.930931 0.821820
10.950951 0.856006
10.970971 0.886806
10.990991 0.914100
11.011011 0.937779
11.031031 0.957749
11.051051 0.973933
11.071071 0.986264
11.091091 0.994696
11.111111 0.999194
11.131131 0.999741
11.151151 0.996335
11.171171 0.988988
11.191191 0.977731
11.211211 0.962607
11.231231 0.943677
11.251251 0.921015
11.271271 0.894711
11.291291 0.864869
11.311311 0.831607
11.331331 0.795056
11.351351 0.755361
11.371371 0.712679
11.391391 0.667179
11.411411 0.619041
11.431431 0.568454
11.451451 0.515620
11.471471 0.460747
11.491491 0.404051
11.511512 0.345758
11.531532 0.286098
11.551552 0.225306
11.571572 0.163624
11.591592 0.101294
11.611612 0.038564
11.631632 -0.024319
11.651652 -0.087106
11.671672 -0.149548
11.691692 -0.211399
11.711712 -0.272414
11.731732 -0.332351
11.751752 -0.390975
11.771772 -0.448052
11.791792 -0.503357
11.811812 -0.556672
11.831832 -0.607786
11.851852 -0.656496
11.871872 -0.702610
11.891892 -0.745946
11.911912 -0.786331
11.931932 -0.823608
11.951952 -0.857627
11.971972 -0.888255
11.991992 -0.915370
12.012012 -0.938866
12.032032 -0.958649
12.052052 -0.974641
12.072072 -0.986779
12.092092 -0.995015
12.112112 -0.999316
12.132132 -0.999665
12.152152 -0.996061
12.172172 -0.988518
12.192192 -0.977066
12.212212 -0.961751
12.232232 -0.942632
12.252252 -0.919786
12.272272 -0.893302
12.292292 -0.863286
12.312312 -0.829856
12.332332 -0.793144
12.352352 -0.753296
12.372372 -0.710470
12.392392 -0.664833
12.412412 -0.616568
12.432432 -0.565864
12.452452 -0.512923
12.472472 -0.457953
12.492492 -0.401173
12.512513 -0.342806
12.532533 -0.283083
12.552553 -0.222241
12.572573 -0.160520
12.592593 -0.098165
12.612613 -0.035421
12.632633 0.027463
12.652653 0.090238
12.672673 0.152657
12.692693 0.214471
12.712713 0.275438
12.732733 0.335316
12.752753 0.393867
12.772773 0.450861
12.792793 0.506072
12.812813 0.559282
12.832833 0.610280
12.852853 0.658865
12.872873 0.704844
12.892893 0.748036
12.912913 0.788270
12.932933 0.825387
12.952953 0.859240
12.972973 0.889695
12.992993 0.916632
13.013013 0.939944
13.033033 0.959539
13.053053 0.975340
13.073073 0.987284
13.093093 0.995323
13.113113 0.999427
13.133133 0.999578
13.153153 0.995777
13.173173 0.988038
13.193193 0.976392
13.213213 0.960885
13.233233 0.941577
13.253253 0.918547
13.273273 0.891884
13.293293 0.861694
13.313313 0.828097
13.333333 0.791225
13.353353 0.751225
13.373373 0.708253
13.393393 0.662481
13.413413 0.614089
13.433433 0.563269
13.453453 0.510221
13.473473 0.455155
13.493493 0.398290
13.513514 0.339850
13.533534 0.280066
13.553554 0.219174
13.573574 0.157416
13.593594 0.095035
13.613614 0.032278
13.633634 -0.030606
13.653654 -0.093370
13.673674 -0.155764
13.693694 -0.217542
13.713714 -0.278460
13.733734 -0.338277
13.753754 -0.396756
13.773774 -0.453666
13.793794 -0.508782
13.813814 -0.561886
13.833834 -0.612768
13.853854 -0.661227
13.873874 -0.707071
13.893894 -0.750120
13.913914 -0.790201
13.933934 -0.827158
13.953954 -0.860845
13.973974 -0.891127
13.993994 -0.917885
14.014014 -0.941013
14.034034 -0.960420
14.054054 -0.976029
14.074074 -0.987779
14.094094 -0.995622
14.114114 -0.999528
14.134134 -0.999482
14.154154 -0.995483
14.174174 -0.987548
14.194194 -0.975708
14.214214 -0.960009
14.234234 -0.940514
14.254254 -0.917299
14.274274 -0.890458
14.294294 -0.860094
14.314314 -0.826330
14.334334 -0.789298
14.354354 -0.749145
14.374374 -0.706030
14.394394 -0.660122
14.414414 -0.611604
14.434434 -0.560667
14.454454 -0.507514
14.474474 -0.452353
14.494494 -0.395404
14.514515 -0.336891
14.534535 -0.277045
14.554555 -0.216105
14.574575 -0.154309
14.594595 -0.091904
14.614615 -0.029135
14.634635 0.033749
14.654655 0.096500
14.674675 0.158869
14.694695 0.220610
14.714715 0.281479
14.734735 0.341234
14.754755 0.399640
14.774775 0.456466
14.794795 0.511487
14.814815 0.564485
14.834835 0.615250
14.854855 0.663583
14.874875 0.709292
14.894895 0.752195
14.914915 0.792125
14.934935 0.828922
14.954955 0.862441
14.974975 0.892549
14.994995 0.919128
15.015015 0.942072
15.035035 0.961291
15.055055 0.976709
15.075075 0.988264
15.095095 0.995911
15.115115 0.999620
15.135135 0.999376
15.155155 0.995180
15.175175 0.987049
15.195195 0.975014
15.215215 0.959124
15.235235 0.939441
15.255255 0.916043
15.275275 0.889022
15.295295 0.858486
15.315315 0.824555
15.335335 0.787363
15.355355 0.747058
15.375375 0.703799
15.395395 0.657756
15.415415 0.609113
15.435435 0.558061
15.455455 0.504802
15.475475 0.449546
15.495495 0.392513
15.515516 0.333928
15.535536 0.274022
15.555556 0.213033
15.575576 0.151201
15.595596 0.088772
15.615616 0.025991
15.635636 -0.036892
15.655656 -0.099630
15.675676 -0.161973
15.695696 -0.223676
15.715716 -0.284495
15.735736 -0.344189
15.755756 -0.402521
15.775776 -0.459262
15.795796 -0.514186
15.815816 -0.567078
15.835836 -0.617726
15.855856 -0.665932
15.875876 -0.711505
15.895896 -0.754264
15.915916 -0.794040
15.935936 -0.830677
15.955956 -0.864028
15.975976 -0.893963
15.995996 -0.920362
16.016016 -0.943122
16.036036 -0.962153
16.056056 -0.977379
16.076076 -0.988739
16.096096 -0.996190
16.116116 -0.999702
16.136136 -0.999260
16.156156 -0.994867
16.176176 -0.986539
16.196196 -0.974311
16.216216 -0.958229
16.236236 -0.938358
16.256256 -0.914777
16.276276 -0.887578
16.296296 -0.856869
16.316316 -0.822772
16.336336 -0.785421
16.356356 -0.744964
16.376376 -0.701561
16.396396 -0.655385
16.416416 -0.606616
16.436436 -0.555448
16.456456 -0.502084
16.476476 -0.446735
16.496496 -0.389619
16.516517 -0.330962
16.536537 -0.270997
16.556557 -0.209960
16.576577 -0.148092
16.596597 -0.085639
16.616617 -0.022847
16.636637 0.040035
16.656657 0.102758
16.676677 0.165076
16.696697 0.226740
16.716717 0.287508
16.736737 0.347139
16.756757 0.405398
16.776777 0.462053
16.796797 0.516881
16.816817 0.569665
16.836837 0.620196
16.856857 0.668275
16.876877 0.713711
16.896897 0.756325
16.916917 0.795948
16.936937 0.832423
16.956957 0.865607
16.976977 0.895368
16.996997 0.921588
17.017017 0.944163
17.037037 0.963005
17.057057 0.978039
17.077077 0.989205
17.097097 0.996460
17.117117 0.999774
17.137137 0.999134
17.157157 0.994544
17.177177 0.986020
17.197197 0.973598
17.217217 0.957325
17.237237 0.937267
17.257257 0.913502
17.277277 0.886125
17.297297 0.855244
17.317317 0.820980
17.337337 0.783471
17.357357 0.742863
17.377377 0.699317
17.397397 0.653006
17.417417 0.604113
17.437437 0.552831
17.457457 0.499362
17.477477 0.443919
17.497497 0.386721
17.517518 0.327993
17.537538 0.267968
17.557558 0.206884
17.577578 0.144981
17.597598 0.082506
17.617618 0.019703
17.637638 -0.043177
17.657658 -0.105886
17.677678 -0.168177
17.697698 -0.229802
17.717718 -0.290519
17.737738 -0.350087
17.757758 -0.408270
17.777778 -0.464840
17.797798 -0.519570
17.817818 -0.572247
17.837838 -0.622660
17.857858 -0.670611
17.877878 -0.715910
17.897898 -0.758378
17.917918 -0.797848
17.937938 -0.834162
17.957958 -0.867177
17.977978 -0.896764
17.997998 -0.922804
18.018018 -0.945195
18.038038 -0.963848
18.058058 -0.978690
18.078078 -0.989661
18.098098 -0.996719
18.118118 -0.999836
18.138138 -0.998998
18.158158 -0.994211
18.178178 -0.985491
18.198198 -0.972875
18.218218 -0.956411
18.238238 -0.936166
18.258258 -0.912218
18.278278 -0.884663
18.298298 -0.853610
18.318318 -0.819181
18.338338 -0.781512
18.358358 -0.740754
18.378378 -0.697066
18.398398 -0.650621
18.418418 -0.601604
18.438438 -0.550207
18.458458 -0.496635
18.478478 -0.441099
18.498498 -0.383819
18.518519 -0.325021
18.538539 -0.264937
18.558559 -0.203806
18.578579 -0.141869
18.598599 -0.079371
18.618619 -0.016559
18.638639 0.046318
18.658659 0.109013
18.678679 0.171276
18.698699 0.232862
18.718719 0.293527
18.738739 0.353031
18.758759 0.411139
18.778779 0.467622
18.798799 0.522255
18.818819 0.574823
18.838839 0.625118
18.858859 0.672941
18.878879 0.718102
18.898899 0.760425
18.918919 0.799740
18.938939 0.835892
18.958959 0.868739
18.978979 0.898151
18.998999 0.924011
19.019019 0.946217
19.039039 0.964681
19.059059 0.979331
19.079079 0.990107
19.099099 0.996969
19.119119 0.999888
19.139139 0.998853
19.159159 0.993868
19.179179 0.984953
19.199199 0.972143
19.219219 0.955488
19.239239 0.935055
19.259259 0.910925
19.279279 0.883192
19.299299 0.851967
19.319319 0.817373
19.339339 0.779547
19.359359 0.738637
19.379379 0.694807
19.399399 0.648230
19.419419 0.599089
19.439439 0.547579
19.459459 0.493903
19.479479 0.438275
19.499499 0.380913
19.519520 0.322045
19.539540 0.261904
19.559560 0.200726
19.579580 0.138756
19.599600 0.076236
19.619620 0.013415
19.639640 -0.049459
19.659660 -0.112138
19.679680 -0.174373
19.699700 -0.235919
19.719720 -0.296531
19.739740 -0.355971
19.759760 -0.414004
19.779780 -0.470399
19.799800 -0.524934
19.819820 -0.577393
19.839840 -0.627569
19.859860 -0.675263
19.879880 -0.720287
19.899900 -0.762463
19.919920 -0.801624
19.939940 -0.837614
19.959960 -0.870292
19.979980 -0.899529
20.000000 -0.925209
