0.000000 0.607839
0.020020 0.556728
0.040040 0.503415
0.060060 0.448111
0.080080 0.391036
0.100100 0.332414
0.120120 0.272478
0.140140 0.211464
0.160160 0.149614
0.180180 0.087172
0.200200 0.024386
0.220220 -0.038497
0.240240 -0.101227
0.260260 -0.163558
0.280280 -0.225241
0.300300 -0.286034
0.320320 -0.345696
0.340340 -0.403990
0.360360 -0.460687
0.380380 -0.515563
0.400400 -0.568399
0.420420 -0.618988
0.440440 -0.667129
0.460460 -0.712632
0.480480 -0.755317
0.500501 -0.795015
0.520521 -0.831570
0.540541 -0.864835
0.560561 -0.894681
0.580581 -0.920989
0.600601 -0.943655
0.620621 -0.962589
0.640641 -0.977717
0.660661 -0.988979
0.680681 -0.996329
0.700701 -0.999740
0.720721 -0.999197
0.740741 -0.994703
0.760761 -0.986275
0.780781 -0.973948
0.800801 -0.957769
0.820821 -0.937802
0.840841 -0.914127
0.860861 -0.886837
0.880881 -0.856040
0.900901 -0.821858
0.920921 -0.784426
0.940941 -0.743892
0.960961 -0.700416
0.980981 -0.654171
1.001001 -0.605339
1.021021 -0.554112
1.041041 -0.500695
1.061061 -0.445298
1.081081 -0.388140
1.101101 -0.329447
1.121121 -0.269451
1.141141 -0.208389
1.161161 -0.146504
1.181181 -0.084039
1.201201 -0.021242
1.221221 0.041639
1.241241 0.104355
1.261261 0.166659
1.281281 0.228304
1.301301 0.289046
1.321321 0.348645
1.341341 0.406865
1.361361 0.463476
1.381381 0.518255
1.401401 0.570984
1.421421 0.621455
1.441441 0.669469
1.461461 0.714835
1.481481 0.757374
1.501502 0.796919
1.521522 0.833312
1.541542 0.866410
1.561562 0.896082
1.581582 0.922210
1.601602 0.944691
1.621622 0.963437
1.641642 0.978372
1.661662 0.989439
1.681682 0.996593
1.701702 0.999807
1.721722 0.999066
1.741742 0.994375
1.761762 0.985751
1.781782 0.973230
1.801802 0.956860
1.821822 0.936706
1.841842 0.912847
1.861862 0.885379
1.881882 0.854410
1.901902 0.820062
1.921922 0.782472
1.941942 0.741787
1.961962 0.698168
1.981982 0.651789
2.002002 0.602832
2.022022 0.551492
2.042042 0.497971
2.062062 0.442480
2.082082 0.385240
2.102102 0.326476
2.122122 0.266421
2.142142 0.205313
2.162162 0.143392
2.182182 0.080905
2.202202 0.018098
2.222222 -0.044781
2.242242 -0.107483
2.262262 -0.169759
2.282282 -0.231365
2.302302 -0.292055
2.322322 -0.351591
2.342342 -0.409736
2.362362 -0.466261
2.382382 -0.520942
2.402402 -0.573563
2.422422 -0.623916
2.442442 -0.671801
2.462462 -0.717031
2.482482 -0.759424
2.502503 -0.798815
2.522523 -0.835046
2.542543 -0.867976
2.562563 -0.897473
2.582583 -0.923421
2.602603 -0.945718
2.622623 -0.964274
2.642643 -0.979018
2.662663 -0.989890
2.682683 -0.996848
2.702703 -0.999863
2.722723 -0.998925
2.742743 -0.994037
2.762763 -0.985217
2.782783 -0.972502
2.802803 -0.955941
2.822823 -0.935600
2.842843 -0.911559
2.862863 -0.883913
2.882883 -0.852772
2.902903 -0.818259
2.922923 -0.780510
2.942943 -0.739674
2.962963 -0.695913
2.982983 -0.649401
3.003003 -0.600320
3.023023 -0.548866
3.043043 -0.495241
3.063063 -0.439658
3.083083 -0.382336
3.103103 -0.323502
3.123123 -0.263389
3.143143 -0.202234
3.163163 -0.140279
3.183183 -0.077770
3.203203 -0.014954
3.223223 0.047922
3.243243 0.110609
3.263263 0.172857
3.283283 0.234423
3.303303 0.295061
3.323323 0.354533
3.343343 0.412602
3.363363 0.469040
3.383383 0.523623
3.403403 0.576136
3.423423 0.626370
3.443443 0.674127
3.463463 0.719219
3.483483 0.761466
3.503504 0.800703
3.523524 0.836772
3.543544 0.869533
3.563564 0.898856
3.583584 0.924624
3.603604 0.946735
3.623624 0.965103
3.643644 0.979654
3.663664 0.990331
3.683684 0.997092
3.703704 0.999910
3.723724 0.998774
3.743744 0.993689
3.763764 0.984674
3.783784 0.971765
3.803804 0.955013
3.823824 0.934485
3.843844 0.910261
3.863864 0.882438
3.883884 0.851125
3.903904 0.816447
3.923924 0.778540
3.943944 0.737554
3.963964 0.693652
3.983984 0.647006
4.004004 0.597802
4.024024 0.546234
4.044044 0.492507
4.064064 0.436831
4.084084 0.379428
4.104104 0.320525
4.124124 0.260354
4.144144 0.199153
4.164164 0.137165
4.184184 0.074635
4.204204 0.011809
4.224224 -0.051063
4.244244 -0.113733
4.264264 -0.175954
4.284284 -0.237479
4.304304 -0.298064
4.324324 -0.357471
4.344344 -0.415465
4.364364 -0.471815
4.384384 -0.526300
4.404404 -0.578703
4.424424 -0.628819
4.444444 -0.676447
4.464464 -0.721400
4.484484 -0.763501
4.504505 -0.802582
4.524525 -0.838490
4.544545 -0.871082
4.564565 -0.900229
4.584585 -0.925817
4.604605 -0.947743
4.624625 -0.965922
4.644645 -0.980280
4.664665 -0.990763
4.684685 -0.997327
4.704705 -0.999948
4.724725 -0.998614
4.744745 -0.993331
4.764765 -0.984121
4.784785 -0.971018
4.804805 -0.954076
4.824825 -0.933361
4.844845 -0.908955
4.864865 -0.880954
4.884885 -0.849470
4.904905 -0.814627
4.924925 -0.776562
4.944945 -0.735427
4.964965 -0.691383
4.984985 -0.644605
5.005005 -0.595278
5.025025 -0.543598
5.045045 -0.489767
5.065065 -0.434000
5.085085 -0.376517
5.105105 -0.317544
5.125125 -0.257316
5.145145 -0.196070
5.165165 -0.134049
5.185185 -0.071498
5.205205 -0.008665
5.225225 0.054203
5.245245 0.116857
5.265265 0.179049
5.285285 0.240532
5.305305 0.301065
5.325325 0.360407
5.345345 0.418323
5.365365 0.474586
5.385385 0.528971
5.405405 0.581265
5.425425 0.631261
5.445445 0.678760
5.465465 0.723575
5.485485 0.765528
5.505506 0.804454
5.525526 0.840200
5.545546 0.872622
5.565566 0.901594
5.585586 0.927001
5.605606 0.948742
5.625626 0.966731
5.645646 0.980897
5.665666 0.991184
5.685686 0.997552
5.705706 0.999975
5.725726 0.998443
5.745746 0.992964
5.765766 0.983557
5.785786 0.970262
5.805806 0.953129
5.825826 0.932227
5.845846 0.907639
5.865866 0.879462
5.885886 0.847807
5.905906 0.812799
5.925926 0.774577
5.945946 0.733292
5.965966 0.689108
5.985986 0.642198
6.006006 0.592749
6.026026 0.540955
6.046046 0.487023
6.066066 0.431165
6.086086 0.373601
6.106106 0.314561
6.126126 0.254276
6.146146 0.192986
6.166166 0.130932
6.186186 0.068361
6.206206 0.005520
6.226226 -0.057343
6.246246 -0.119980
6.266266 -0.182142
6.286286 -0.243584
6.306306 -0.304062
6.326326 -0.363338
6.346346 -0.421178
6.366366 -0.477351
6.386386 -0.531638
6.406406 -0.583821
6.426426 -0.633696
6.446446 -0.681066
6.466466 -0.725742
6.486486 -0.767548
6.506507 -0.806319
6.526527 -0.841901
6.546547 -0.874154
6.566567 -0.902950
6.586587 -0.928176
6.606607 -0.949731
6.626627 -0.967530
6.646647 -0.981504
6.666667 -0.991596
6.686687 -0.997767
6.706707 -0.999992
6.726727 -0.998263
6.746747 -0.992586
6.766767 -0.982985
6.786787 -0.969496
6.806807 -0.952173
6.826827 -0.931085
6.846847 -0.906315
6.866867 -0.877961
6.886887 -0.846135
6.906907 -0.810963
6.926927 -0.772584
6.946947 -0.731151
6.966967 -0.686825
6.986987 -0.639784
7.007007 -0.590213
7.027027 -0.538308
7.047047 -0.484274
7.067067 -0.428325
7.087087 -0.370682
7.107107 -0.311574
7.127127 -0.251233
7.147147 -0.189899
7.167167 -0.127814
7.187187 -0.065224
7.207207 -0.002375
7.227227 0.060483
7.247247 0.123101
7.267267 0.185233
7.287287 0.246632
7.307307 0.307056
7.327327 0.366266
7.347347 0.424028
7.367367 0.480112
7.387387 0.534298
7.407407 0.586372
7.427427 0.636126
7.447447 0.683365
7.467467 0.727901
7.487487 0.769560
7.507508 0.808175
7.527528 0.843594
7.547548 0.875677
7.567568 0.904297
7.587588 0.929341
7.607608 0.950711
7.627628 0.968320
7.647648 0.982101
7.667668 0.991998
7.687688 0.997972
7.707708 1.000000
7.727728 0.998073
7.747748 0.992199
7.767768 0.982402
7.787788 0.968720
7.807808 0.951207
7.827828 0.929933
7.847848 0.904981
7.867868 0.876451
7.887888 0.844455
7.907908 0.809119
7.927928 0.770584
7.947948 0.729002
7.967968 0.684536
7.987988 0.637364
8.008008 0.587672
8.028028 0.535655
8.048048 0.481520
8.068068 0.425481
8.088088 0.367760
8.108108 0.308584
8.128128 0.248188
8.148148 0.186811
8.168168 0.124695
8.188188 0.062085
8.208208 -0.000770
8.228228 -0.063621
8.248248 -0.126221
8.268268 -0.188322
8.288288 -0.249679
8.308308 -0.310048
8.328328 -0.369191
8.348348 -0.426874
8.368368 -0.482869
8.388388 -0.536954
8.408408 -0.588916
8.428428 -0.638549
8.448448 -0.685657
8.468468 -0.730054
8.488488 -0.771564
8.508509 -0.810023
8.528529 -0.845278
8.548549 -0.877191
8.568569 -0.905635
8.588589 -0.930498
8.608609 -0.951681
8.628629 -0.969101
8.648649 -0.982688
8.668669 -0.992390
8.688689 -0.998167
8.708709 -0.999997
8.728729 -0.997873
8.748749 -0.991802
8.768769 -0.981810
8.788789 -0.967935
8.808809 -0.950232
8.828829 -0.928772
8.848849 -0.903639
8.868869 -0.874933
8.888889 -0.842766
8.908909 -0.807267
8.928929 -0.768576
8.948949 -0.726845
8.968969 -0.682241
8.988989 -0.634938
9.009009 -0.585124
9.029029 -0.532997
9.049049 -0.478762
9.069069 -0.422633
9.089089 -0.364834
9.109109 -0.305591
9.129129 -0.245141
9.149149 -0.183720
9.169169 -0.121574
9.189189 -0.058946
9.209209 0.003914
9.229229 0.066759
9.249249 0.129340
9.269269 0.191410
9.289289 0.252723
9.309309 0.313036
9.329329 0.372111
9.349349 0.429715
9.369369 0.485620
9.389389 0.539604
9.409409 0.591455
9.429429 0.640966
9.449449 0.687943
9.469469 0.732200
9.489489 0.773561
9.509510 0.811863
9.529530 0.846954
9.549550 0.878697
9.569570 0.906964
9.589590 0.931645
9.609610 0.952642
9.629630 0.969872
9.649650 0.983266
9.669670 0.992772
9.689690 0.998353
9.709710 0.999985
9.729730 0.997663
9.749750 0.991396
9.769770 0.981208
9.789790 0.967140
9.809810 0.949248
9.829830 0.927602
9.849850 0.902288
9.869870 0.873405
9.889890 0.841069
9.909910 0.805407
9.929930 0.766560
9.949950 0.724682
9.969970 0.679938
9.989990 0.632505
10.010010 0.582571
10.030030 0.530333
10.050050 0.475998
10.070070 0.419781
10.090090 0.361904
10.110110 0.302596
10.130130 0.242091
10.150150 0.180628
10.170170 0.118452
10.190190 0.055807
10.210210 -0.007059
10.230230 -0.069897
10.250250 -0.132458
10.270270 -0.194496
10.290290 -0.255764
10.310310 -0.316021
10.330330 -0.375028
10.350350 -0.432553
10.370370 -0.488367
10.390390 -0.542249
10.410410 -0.593987
10.430430 -0.643377
10.450450 -0.690222
10.470470 -0.734338
10.490490 -0.775550
10.510511 -0.813695
10.530531 -0.848622
10.550551 -0.880193
10.570571 -0.908284
10.590591 -0.932783
10.610611 -0.953594
10.630631 -0.970633
10.650651 -0.983834
10.670671 -0.993145
10.690691 -0.998528
10.710711 -0.999963
10.730731 -0.997443
10.750751 -0.990979
10.770771 -0.980596
10.790791 -0.966336
10.810811 -0.948254
10.830831 -0.926422
10.850851 -0.900927
10.870871 -0.871870
10.890891 -0.839364
10.910911 -0.803539
10.930931 -0.764537
10.950951 -0.722511
10.970971 -0.677629
10.990991 -0.630066
11.011011 -0.580012
11.031031 -0.527665
11.051051 -0.473230
11.071071 -0.416925
11.091091 -0.358971
11.111111 -0.299597
11.131131 -0.239038
11.151151 -0.177534
11.171171 -0.115329
11.191191 -0.052667
11.211211 0.010204
11.231231 0.073033
11.251251 0.135574
11.271271 0.197579
11.291291 0.258803
11.311311 0.319003
11.331331 0.377942
11.351351 0.435386
11.371371 0.491108
11.391391 0.544889
11.411411 0.596514
11.431431 0.645781
11.451451 0.692494
11.471471 0.736469
11.491491 0.777531
11.511512 0.815519
11.531532 0.850281
11.551552 0.881682
11.571572 0.909595
11.591592 0.933912
11.611612 0.954536
11.631632 0.971385
11.651652 0.984393
11.671672 0.993508
11.691692 0.998694
11.711712 0.999931
11.731732 0.997213
11.751752 0.990553
11.771772 0.979975
11.791792 0.965522
11.811812 0.947251
11.831832 0.925234
11.851852 0.899558
11.871872 0.870325
11.891892 0.837651
11.911912 0.801663
11.931932 0.762506
11.951952 0.720334
11.971972 0.675313
11.991992 0.627621
12.012012 0.577448
12.032032 0.524991
12.052052 0.470458
12.072072 0.414064
12.092092 0.356034
12.112112 0.296595
12.132132 0.235984
12.152152 0.174439
12.172172 0.112204
12.192192 0.049526
12.212212 -0.013348
12.232232 -0.076169
12.252252 -0.138689
12.272272 -0.200661
12.292292 -0.261839
12.312312 -0.321982
12.332332 -0.380851
12.352352 -0.438215
12.372372 -0.493845
12.392392 -0.547523
12.412412 -0.599035
12.432432 -0.648179
12.452452 -0.694759
12.472472 -0.738593
12.492492 -0.779505
12.512513 -0.817335
12.532533 -0.851932
12.552553 -0.883161
12.572573 -0.910897
12.592593 -0.935032
12.612613 -0.955469
12.632633 -0.972127
12.652653 -0.984941
12.672673 -0.993860
12.692693 -0.998849
12.712713 -0.999889
12.732733 -0.996974
12.752753 -0.990117
12.772773 -0.979344
12.792793 -0.964699
12.812813 -0.946238
12.832833 -0.924036
12.852853 -0.898180
12.872873 -0.868772
12.892893 -0.835929
12.912913 -0.799780
12.932933 -0.760468
12.952953 -0.718149
12.972973 -0.672990
12.992993 -0.625170
13.013013 -0.574877
13.033033 -0.522312
13.053053 -0.467681
13.073073 -0.411200
13.093093 -0.353093
13.113113 -0.293590
13.133133 -0.232926
13.153153 -0.171341
13.173173 -0.109079
13.193193 -0.046385
13.213213 0.016492
13.233233 0.079305
13.253253 0.141803
13.273273 0.203741
13.293293 0.264873
13.313313 0.324958
13.333333 0.383757
13.353353 0.441039
13.373373 0.496577
13.393393 0.550152
13.413413 0.601551
13.433433 0.650571
13.453453 0.697018
13.473473 0.740709
13.493493 0.781471
13.513514 0.819142
13.533534 0.853575
13.553554 0.884632
13.573574 0.912191
13.593594 0.936142
13.613614 0.956392
13.633634 0.972859
13.653654 0.985480
13.673674 0.994203
13.693694 0.998995
13.713714 0.999837
13.733734 0.996725
13.753754 0.989671
13.773774 0.978703
13.793794 0.963866
13.813814 0.945216
13.833834 0.922829
13.853854 0.896793
13.873874 0.867211
13.893894 0.834199
13.913914 0.797888
13.933934 0.758422
13.953954 0.715957
13.973974 0.670661
13.993994 0.622712
14.014014 0.572301
14.034034 0.519627
14.054054 0.464899
14.074074 0.408331
14.094094 0.350149
14.114114 0.290583
14.134134 0.229867
14.154154 0.168242
14.174174 0.105952
14.194194 0.043243
14.214214 -0.019637
14.234234 -0.082439
14.254254 -0.144915
14.274274 -0.206819
14.294294 -0.267904
14.314314 -0.327930
14.334334 -0.386659
14.354354 -0.443860
14.374374 -0.499305
14.394394 -0.552775
14.414414 -0.604060
14.434434 -0.652956
14.454454 -0.699269
14.474474 -0.742818
14.494494 -0.783429
14.514515 -0.820942
14.534535 -0.855209
14.554555 -0.886094
14.574575 -0.913475
14.594595 -0.937243
14.614615 -0.957306
14.634635 -0.973582
14.654655 -0.986009
14.674675 -0.994537
14.694695 -0.999131
14.714715 -0.999775
14.734735 -0.996465
14.754755 -0.989215
14.774775 -0.978053
14.794795 -0.963023
14.814815 -0.944185
14.834835 -0.921614
14.854855 -0.895397
14.874875 -0.865640
14.894895 -0.832460
14.914915 -0.795988
14.934935 -0.756369
14.954955 -0.713758
14.974975 -0.668325
14.994995 -0.620249
15.015015 -0.569720
15.035035 -0.516938
15.055055 -0.462112
15.075075 -0.405459
15.095095 -0.347202
15.115115 -0.287572
15.135135 -0.226805
15.155155 -0.165142
15.175175 -0.102825
15.195195 -0.040101
15.215215 0.022781
15.235235 0.085573
15.255255 0.148026
15.275275 0.209894
15.295295 0.270933
15.315315 0.330899
15.335335 0.389558
15.355355 0.446675
15.375375 0.502027
15.395395 0.555393
15.415415 0.606563
15.435435 0.655334
15.455455 0.701514
15.475475 0.744920
15.495495 0.785380
15.515516 0.822734
15.535536 0.856835
15.555556 0.887547
15.575576 0.914750
15.595596 0.938335
15.615616 0.958210
15.635636 0.974296
15.655656 0.986528
15.675676 0.994860
15.695696 0.999257
15.715716 0.999703
15.735736 0.996196
15.755756 0.988749
15.775776 0.977393
15.795796 0.962171
15.815816 0.943145
15.835836 0.920388
15.855856 0.893993
15.875876 0.864062
15.895896 0.830714
15.915916 0.794081
15.935936 0.754308
15.955956 0.711552
15.975976 0.665982
15.995996 0.617779
16.016016 0.567132
16.036036 0.514243
16.056056 0.459321
16.076076 0.402582
16.096096 0.344251
16.116116 0.284559
16.136136 0.223741
16.156156 0.162039
16.176176 0.099696
16.196196 0.036959
16.216216 -0.025924
16.236236 -0.088705
16.256256 -0.151136
16.276276 -0.212968
16.296296 -0.273958
16.316316 -0.333865
16.336336 -0.392452
16.356356 -0.449487
16.376376 -0.504744
16.396396 -0.558005
16.416416 -0.609060
16.436436 -0.657706
16.456456 -0.703752
16.476476 -0.747014
16.496496 -0.787322
16.516517 -0.824517
16.536537 -0.858452
16.556557 -0.888992
16.576577 -0.916016
16.596597 -0.939418
16.616617 -0.959105
16.636637 -0.974999
16.656657 -0.987038
16.676677 -0.995173
16.696697 -0.999374
16.716717 -0.999622
16.736737 -0.995917
16.756757 -0.988274
16.776777 -0.976723
16.796797 -0.961310
16.816817 -0.942095
16.836837 -0.919154
16.856857 -0.892579
16.876877 -0.862474
16.896897 -0.828959
16.916917 -0.792165
16.936937 -0.752239
16.956957 -0.709339
16.976977 -0.663633
16.996997 -0.615303
17.017017 -0.564540
17.037037 -0.511544
17.057057 -0.456525
17.077077 -0.399701
17.097097 -0.341297
17.117117 -0.281543
17.137137 -0.220675
17.157157 -0.158935
17.177177 -0.096567
17.197197 -0.033816
17.217217 0.029068
17.237237 0.091837
17.257257 0.154243
17.277277 0.216040
17.297297 0.276981
17.317317 0.336828
17.337337 0.395342
17.357357 0.452294
17.377377 0.507456
17.397397 0.560612
17.417417 0.611551
17.437437 0.660072
17.457457 0.705982
17.477477 0.749101
17.497497 0.789257
17.517518 0.826293
17.537538 0.860060
17.557558 0.890427
17.577578 0.917273
17.597598 0.940491
17.617618 0.959990
17.637638 0.975693
17.657658 0.987538
17.677678 0.995477
17.697698 0.999480
17.717718 0.999530
17.737738 0.995628
17.757758 0.987789
17.777778 0.976044
17.797798 0.960439
17.817818 0.941035
17.837838 0.917911
17.857858 0.891157
17.877878 0.860879
17.897898 0.827196
17.917918 0.790242
17.937938 0.750164
17.957958 0.707119
17.977978 0.661277
17.997998 0.612821
18.018018 0.561941
18.038038 0.508839
18.058058 0.453725
18.078078 0.396817
18.098098 0.338339
18.118118 0.278524
18.138138 0.217607
18.158158 0.155830
18.178178 0.093436
18.198198 0.030673
18.218218 -0.032211
18.238238 -0.094968
18.258258 -0.157350
18.278278 -0.219109
18.298298 -0.280002
18.318318 -0.339787
18.338338 -0.398229
18.358358 -0.455096
18.378378 -0.510163
18.398398 -0.563213
18.418418 -0.614036
18.438438 -0.662431
18.458458 -0.708206
18.478478 -0.751180
18.498498 -0.791184
18.518519 -0.828060
18.538539 -0.861661
18.558559 -0.891854
18.578579 -0.918521
18.598599 -0.941555
18.618619 -0.960866
18.638639 -0.976377
18.658659 -0.988028
18.678679 -0.995771
18.698699 -0.999576
18.718719 -0.999429
18.738739 -0.995330
18.758759 -0.987294
18.778779 -0.975355
18.798799 -0.959558
18.818819 -0.939967
18.838839 -0.916659
18.858859 -0.889726
18.878879 -0.859274
18.898899 -0.825425
18.918919 -0.788311
18.938939 -0.748081
18.958959 -0.704891
18.978979 -0.658915
18.998999 -0.610333
19.019019 -0.559337
19.039039 -0.506130
19.059059 -0.450920
19.079079 -0.393928
19.099099 -0.335378
19.119119 -0.275502
19.139139 -0.214537
19.159159 -0.152723
19.179179 -0.090305
19.199199 -0.027530
19.219219 0.035354
19.239239 0.098098
19.259259 0.160455
19.279279 0.222176
19.299299 0.283019
19.319319 0.342743
19.339339 0.401112
19.359359 0.457894
19.379379 0.512866
19.399399 0.565809
19.419419 0.616515
19.439439 0.664783
19.459459 0.710423
19.479479 0.753253
19.499499 0.793104
19.519520 0.829819
19.539540 0.863252
19.559560 0.893272
19.579580 0.919759
19.599600 0.942610
19.619620 0.961732
19.639640 0.977052
19.659660 0.988508
19.679680 0.996055
19.699700 0.999663
19.719720 0.999318
19.739740 0.995021
19.759760 0.986790
19.779780 0.974656
19.799800 0.958668
19.819820 0.938889
19.839840 0.915397
19.859860 0.888286
19.879880 0.857661
19.899900 0.823646
19.919920 0.786373
19.939940 0.745990
19.959960 0.702657
19.979980 0.656546
20.000000 0.607839
