0.000000 -0.863691
0.020020 -0.830304
0.040040 -0.793633
0.060060 -0.753824
0.080080 -0.711034
0.100100 -0.665433
0.120120 -0.617200
0.140140 -0.566526
0.160160 -0.513612
0.180180 -0.458667
0.200200 -0.401908
0.220220 -0.343560
0.240240 -0.283853
0.260260 -0.223024
0.280280 -0.161313
0.300300 -0.098964
0.320320 -0.036223
0.340340 0.026660
0.360360 0.089439
0.380380 0.151863
0.400400 0.213687
0.420420 0.274666
0.440440 0.334559
0.460460 0.393129
0.480480 0.450144
0.500501 0.505379
0.520521 0.558616
0.540541 0.609644
0.560561 0.658261
0.580581 0.704274
0.600601 0.747503
0.620621 0.787776
0.640641 0.824934
0.660661 0.858829
0.680681 0.889328
0.700701 0.916311
0.720721 0.939670
0.740741 0.959313
0.760761 0.975162
0.780781 0.987156
0.800801 0.995245
0.820821 0.999399
0.840841 0.999601
0.860861 0.995850
0.880881 0.988162
0.900901 0.976565
0.920921 0.961107
0.940941 0.941848
0.960961 0.918864
0.980981 0.892247
1.001001 0.862102
1.021021 0.828547
1.041041 0.791716
1.061061 0.751754
1.081081 0.708820
1.101101 0.663082
1.121121 0.614722
1.141141 0.563932
1.161161 0.510911
1.181181 0.455870
1.201201 0.399027
1.221221 0.340605
1.241241 0.280836
1.261261 0.219957
1.281281 0.158208
1.301301 0.095834
1.321321 0.033080
1.341341 -0.029804
1.361361 -0.092570
1.381381 -0.154971
1.401401 -0.216758
1.421421 -0.277689
1.441441 -0.337521
1.461461 -0.396018
1.481481 -0.452950
1.501502 -0.508090
1.521522 -0.561222
1.541542 -0.612133
1.561562 -0.660625
1.581582 -0.706503
1.601602 -0.749588
1.621622 -0.789709
1.641642 -0.826707
1.661662 -0.860436
1.681682 -0.890762
1.701702 -0.917566
1.721722 -0.940741
1.741742 -0.960196
1.761762 -0.975854
1.781782 -0.987653
1.801802 -0.995547
1.821822 -0.999503
1.841842 -0.999508
1.861862 -0.995559
1.881882 -0.987674
1.901902 -0.975883
1.921922 -0.960233
1.941942 -0.940786
1.961962 -0.917619
1.981982 -0.890823
2.002002 -0.860504
2.022022 -0.826782
2.042042 -0.789791
2.062062 -0.749677
2.082082 -0.706598
2.102102 -0.660725
2.122122 -0.612239
2.142142 -0.561332
2.162162 -0.508205
2.182182 -0.453069
2.202202 -0.396141
2.222222 -0.337647
2.242242 -0.277817
2.262262 -0.216889
2.282282 -0.155103
2.302302 -0.092703
2.322322 -0.029937
2.342342 0.032947
2.362362 0.095701
2.382382 0.158077
2.402402 0.219827
2.422422 0.280708
2.442442 0.340479
2.462462 0.398904
2.482482 0.455751
2.502503 0.510796
2.522523 0.563822
2.542543 0.614617
2.562563 0.662982
2.582583 0.708725
2.602603 0.751666
2.622623 0.791634
2.642643 0.828472
2.662663 0.862034
2.682683 0.892187
2.702703 0.918811
2.722723 0.941803
2.742743 0.961070
2.762763 0.976536
2.782783 0.988141
2.802803 0.995838
2.822823 0.999598
2.842843 0.999404
2.862863 0.995258
2.882883 0.987177
2.902903 0.975192
2.922923 0.959351
2.942943 0.939715
2.962963 0.916364
2.982983 0.889389
3.003003 0.858897
3.023023 0.825009
3.043043 0.787858
3.063063 0.747592
3.083083 0.704369
3.103103 0.658361
3.123123 0.609749
3.143143 0.558727
3.163163 0.505494
3.183183 0.450263
3.203203 0.393252
3.223223 0.334685
3.243243 0.274795
3.263263 0.213818
3.283283 0.151995
3.303303 0.089572
3.323323 0.026794
3.343343 -0.036090
3.363363 -0.098831
3.383383 -0.161181
3.403403 -0.222894
3.423423 -0.283725
3.443443 -0.343435
3.463463 -0.401786
3.483483 -0.458548
3.503504 -0.513497
3.523524 -0.566416
3.543544 -0.617095
3.563564 -0.665333
3.583584 -0.710941
3.603604 -0.753737
3.623624 -0.793552
3.643644 -0.830229
3.663664 -0.863624
3.683684 -0.893603
3.703704 -0.920048
3.723724 -0.942855
3.743744 -0.961934
3.763764 -0.977209
3.783784 -0.988619
3.803804 -0.996120
3.823824 -0.999682
3.843844 -0.999291
3.863864 -0.994948
3.883884 -0.986670
3.903904 -0.974491
3.923924 -0.958458
3.943944 -0.938635
3.963964 -0.915101
3.983984 -0.887947
4.004004 -0.857283
4.024024 -0.823228
4.044044 -0.785918
4.064064 -0.745500
4.084084 -0.702133
4.104104 -0.655991
4.124124 -0.607254
4.144144 -0.556116
4.164164 -0.502779
4.184184 -0.447453
4.204204 -0.390358
4.224224 -0.331720
4.244244 -0.271769
4.264264 -0.210744
4.284284 -0.148886
4.304304 -0.086439
4.324324 -0.023650
4.344344 0.039232
4.364364 0.101960
4.384384 0.164284
4.404404 0.225958
4.424424 0.286739
4.444444 0.346386
4.464464 0.404664
4.484484 0.461341
4.504505 0.516193
4.524525 0.569005
4.544545 0.619566
4.564565 0.667678
4.584585 0.713149
4.604605 0.755799
4.624625 0.795462
4.644645 0.831978
4.664665 0.865205
4.684685 0.895010
4.704705 0.921276
4.724725 0.943898
4.744745 0.962789
4.764765 0.977871
4.784785 0.989087
4.804805 0.996392
4.824825 0.999756
4.844845 0.999167
4.864865 0.994627
4.884885 0.986154
4.904905 0.973780
4.924925 0.957557
4.944945 0.937546
4.964965 0.913828
4.984985 0.886497
5.005005 0.855659
5.025025 0.821438
5.045045 0.783969
5.065065 0.743400
5.085085 0.699891
5.105105 0.653614
5.125125 0.604752
5.145145 0.553500
5.165165 0.500058
5.185185 0.444639
5.205205 0.387461
5.225225 0.328751
5.245245 0.268742
5.265265 0.207669
5.285285 0.145776
5.305305 0.083306
5.325325 0.020506
5.345345 -0.042375
5.365365 -0.105088
5.385385 -0.167385
5.405405 -0.229021
5.425425 -0.289751
5.445445 -0.349335
5.465465 -0.407537
5.485485 -0.464128
5.505506 -0.518884
5.525526 -0.571588
5.545546 -0.622032
5.565566 -0.670015
5.585586 -0.715350
5.605606 -0.757855
5.625626 -0.797363
5.645646 -0.833719
5.665666 -0.866777
5.685686 -0.896408
5.705706 -0.922494
5.725726 -0.944932
5.745746 -0.963634
5.765766 -0.978524
5.785786 -0.989546
5.805806 -0.996654
5.825826 -0.999821
5.845846 -0.999034
5.865866 -0.994297
5.885886 -0.985627
5.905906 -0.973060
5.925926 -0.956645
5.945946 -0.936448
5.965966 -0.912547
5.985986 -0.885037
6.006006 -0.854028
6.026026 -0.819641
6.046046 -0.782013
6.066066 -0.741293
6.086086 -0.697641
6.106106 -0.651231
6.126126 -0.602245
6.146146 -0.550878
6.166166 -0.497332
6.186186 -0.441820
6.206206 -0.384560
6.226226 -0.325780
6.246246 -0.265711
6.266266 -0.204592
6.286286 -0.142664
6.306306 -0.080171
6.326326 -0.017362
6.346346 0.045516
6.366366 0.108214
6.386386 0.170485
6.406406 0.232081
6.426426 0.292759
6.446446 0.352280
6.466466 0.410407
6.486486 0.466912
6.506507 0.521570
6.526527 0.574166
6.546547 0.624491
6.566567 0.672347
6.586587 0.717543
6.606607 0.759903
6.626627 0.799257
6.646647 0.835451
6.666667 0.868341
6.686687 0.897797
6.706707 0.923703
6.726727 0.945957
6.746747 0.964469
6.766767 0.979168
6.786787 0.989994
6.806807 0.996906
6.826827 0.999875
6.846847 0.998891
6.866867 0.993956
6.886887 0.985091
6.906907 0.972330
6.926927 0.955725
6.946947 0.935340
6.966967 0.911256
6.986987 0.883569
7.007007 0.852387
7.027027 0.817835
7.047047 0.780049
7.067067 0.739178
7.087087 0.695385
7.107107 0.648841
7.127127 0.599731
7.147147 0.548250
7.167167 0.494601
7.187187 0.438996
7.207207 0.381655
7.227227 0.322805
7.247247 0.262678
7.267267 0.201513
7.287287 0.139551
7.307307 0.077036
7.327327 0.014218
7.347347 -0.048657
7.367367 -0.111340
7.387387 -0.173582
7.407407 -0.235138
7.427427 -0.295764
7.447447 -0.355221
7.467467 -0.413273
7.487487 -0.469690
7.507508 -0.524250
7.527528 -0.576738
7.547548 -0.626944
7.567568 -0.674671
7.587588 -0.719730
7.607608 -0.761943
7.627628 -0.801143
7.647648 -0.837175
7.667668 -0.869897
7.687688 -0.899178
7.707708 -0.924904
7.727728 -0.946972
7.747748 -0.965295
7.767768 -0.979801
7.787788 -0.990433
7.807808 -0.997148
7.827828 -0.999920
7.847848 -0.998738
7.867868 -0.993606
7.887888 -0.984545
7.907908 -0.971591
7.927928 -0.954795
7.947948 -0.934223
7.967968 -0.909956
7.987988 -0.882092
8.008008 -0.850739
8.028028 -0.816022
8.048048 -0.778078
8.068068 -0.737057
8.088088 -0.693121
8.108108 -0.646445
8.128128 -0.597212
8.148148 -0.545618
8.168168 -0.491866
8.188188 -0.436169
8.208208 -0.378747
8.228228 -0.319827
8.248248 -0.259643
8.268268 -0.198432
8.288288 -0.136436
8.308308 -0.073901
8.328328 -0.011073
8.348348 0.051798
8.368368 0.114465
8.388388 0.176679
8.408408 0.238194
8.428428 0.298767
8.448448 0.358159
8.468468 0.416134
8.488488 0.472464
8.508509 0.526926
8.528529 0.579304
8.548549 0.629391
8.568569 0.676989
8.588589 0.721910
8.608609 0.763976
8.628629 0.803021
8.648649 0.838891
8.668669 0.871443
8.688689 0.900550
8.708709 0.926095
8.728729 0.947978
8.748749 0.966112
8.768769 0.980426
8.788789 0.990862
8.808809 0.997381
8.828829 0.999955
8.848849 0.998575
8.868869 0.993246
8.888889 0.983990
8.908909 0.970842
8.928929 0.953855
8.948949 0.933096
8.968969 0.908648
8.988989 0.880606
9.009009 0.849082
9.029029 0.814200
9.049049 0.776098
9.069069 0.734928
9.089089 0.690851
9.109109 0.644042
9.129129 0.594687
9.149149 0.542980
9.169169 0.489125
9.189189 0.433337
9.209209 0.375834
9.229229 0.316846
9.249249 0.256605
9.269269 0.195349
9.289289 0.133320
9.309309 0.070764
9.329329 0.007928
9.349349 -0.054939
9.369369 -0.117588
9.389389 -0.179773
9.409409 -0.241247
9.429429 -0.301767
9.449449 -0.361093
9.469469 -0.418992
9.489489 -0.475234
9.509510 -0.529596
9.529530 -0.581864
9.549550 -0.631831
9.569570 -0.679300
9.589590 -0.724082
9.609610 -0.766002
9.629630 -0.804892
9.649650 -0.840599
9.669670 -0.872982
9.689690 -0.901912
9.709710 -0.927277
9.729730 -0.948974
9.749750 -0.966919
9.769770 -0.981040
9.789790 -0.991281
9.809810 -0.997603
9.829830 -0.999980
9.849850 -0.998402
9.869870 -0.992876
9.889890 -0.983424
9.909910 -0.970083
9.929930 -0.952906
9.949950 -0.931961
9.969970 -0.907330
9.989990 -0.879111
10.010010 -0.847416
10.030030 -0.812370
10.050050 -0.774111
10.070070 -0.732792
10.090090 -0.688574
10.110110 -0.641633
10.130130 -0.592156
10.150150 -0.540336
10.170170 -0.486380
10.190190 -0.430500
10.210210 -0.372918
10.230230 -0.313862
10.250250 -0.253564
10.270270 -0.192263
10.290290 -0.130203
10.310310 -0.067627
10.330330 -0.004784
10.350350 0.058078
10.370370 0.120711
10.390390 0.182866
10.410410 0.244297
10.430430 0.304763
10.450450 0.364024
10.470470 0.421845
10.490490 0.477998
10.510511 0.532261
10.530531 0.584419
10.550551 0.634266
10.570571 0.681604
10.590591 0.726248
10.610611 0.768019
10.630631 0.806754
10.650651 0.842298
10.670671 0.874511
10.690691 0.903266
10.710711 0.928449
10.730731 0.949961
10.750751 0.967716
10.770771 0.981644
10.790791 0.991691
10.810811 0.997816
10.830831 0.999995
10.850851 0.998219
10.870871 0.992497
10.890891 0.982849
10.910911 0.969315
10.930931 0.951948
10.950951 0.930816
10.970971 0.906003
10.990991 0.877608
11.011011 0.845742
11.031031 0.810532
11.051051 0.772117
11.071071 0.730648
11.091091 0.686290
11.111111 0.639218
11.131131 0.589619
11.151151 0.537687
11.171171 0.483630
11.191191 0.427660
11.211211 0.369999
11.231231 0.310874
11.251251 0.250521
11.271271 0.189176
11.291291 0.127084
11.311311 0.064489
11.331331 0.001639
11.351351 -0.061217
11.371371 -0.123832
11.391391 -0.185956
11.411411 -0.247346
11.431431 -0.307757
11.451451 -0.366951
11.471471 -0.424694
11.491491 -0.480758
11.511512 -0.534920
11.531532 -0.586968
11.551552 -0.636694
11.571572 -0.683902
11.591592 -0.728406
11.611612 -0.770029
11.631632 -0.808608
11.651652 -0.843989
11.671672 -0.876032
11.691692 -0.904611
11.711712 -0.929613
11.731732 -0.950939
11.751752 -0.968504
11.771772 -0.982239
11.791792 -0.992091
11.811812 -0.998019
11.831832 -1.000000
11.851852 -0.998027
11.871872 -0.992107
11.891892 -0.982264
11.911912 -0.968537
11.931932 -0.950980
11.951952 -0.929662
11.971972 -0.904668
11.991992 -0.876096
12.012012 -0.844060
12.032032 -0.808686
12.052052 -0.770115
12.072072 -0.728497
12.092092 -0.684000
12.112112 -0.636797
12.132132 -0.587076
12.152152 -0.535033
12.172172 -0.480875
12.192192 -0.424815
12.212212 -0.367075
12.232232 -0.307884
12.252252 -0.247475
12.272272 -0.186088
12.292292 -0.123964
12.312312 -0.061351
12.332332 0.001506
12.352352 0.064356
12.372372 0.126952
12.392392 0.189045
12.412412 0.250392
12.432432 0.310748
12.452452 0.369875
12.472472 0.427539
12.492492 0.483513
12.512513 0.537575
12.532533 0.589511
12.552553 0.639116
12.572573 0.686193
12.592593 0.730557
12.612613 0.772032
12.632633 0.810454
12.652653 0.845671
12.672673 0.877544
12.692693 0.905947
12.712713 0.930767
12.732733 0.951907
12.752753 0.969282
12.772773 0.982825
12.792793 0.992480
12.812813 0.998212
12.832833 0.999995
12.852853 0.997825
12.872873 0.991708
12.892893 0.981670
12.912913 0.967750
12.932933 0.950003
12.952953 0.928499
12.972973 0.903323
12.992993 0.874576
13.013013 0.842370
13.033033 0.806833
13.053053 0.768105
13.073073 0.726340
13.093093 0.681702
13.113113 0.634369
13.133133 0.584527
13.153153 0.532374
13.173173 0.478115
13.193193 0.421966
13.213213 0.364148
13.233233 0.304890
13.253253 0.244427
13.273273 0.182997
13.293293 0.120843
13.313313 0.058211
13.333333 -0.004650
13.353353 -0.067494
13.373373 -0.130070
13.393393 -0.192132
13.413413 -0.253435
13.433433 -0.313735
13.453453 -0.372795
13.473473 -0.430380
13.493493 -0.486263
13.513514 -0.540224
13.533534 -0.592048
13.553554 -0.641531
13.573574 -0.688477
13.593594 -0.732701
13.613614 -0.774027
13.633634 -0.812292
13.653654 -0.847345
13.673674 -0.879048
13.693694 -0.907274
13.713714 -0.931912
13.733734 -0.952866
13.753754 -0.970051
13.773774 -0.983400
13.793794 -0.992860
13.813814 -0.998395
13.833834 -0.999981
13.853854 -0.997612
13.873874 -0.991299
13.893894 -0.981066
13.913914 -0.966953
13.933934 -0.949016
13.953954 -0.927327
13.973974 -0.901970
13.993994 -0.873047
14.014014 -0.840671
14.034034 -0.804971
14.054054 -0.766087
14.074074 -0.724175
14.094094 -0.679398
14.114114 -0.631935
14.134134 -0.581973
14.154154 -0.529709
14.174174 -0.475351
14.194194 -0.419113
14.214214 -0.361218
14.234234 -0.301894
14.254254 -0.241376
14.274274 -0.179904
14.294294 -0.117721
14.314314 -0.055072
14.334334 0.007795
14.354354 0.070631
14.374374 0.133188
14.394394 0.195218
14.414414 0.256476
14.434434 0.316719
14.454454 0.375711
14.474474 0.433216
14.494494 0.489009
14.514515 0.542868
14.534535 0.594580
14.554555 0.643940
14.574575 0.690755
14.594595 0.734837
14.614615 0.776014
14.634635 0.814122
14.654655 0.849011
14.674675 0.880543
14.694695 0.908592
14.714715 0.933048
14.734735 0.953815
14.754755 0.970810
14.774775 0.983966
14.794795 0.993231
14.814815 0.998568
14.834835 0.999956
14.854855 0.997390
14.874875 0.990880
14.894895 0.980452
14.914915 0.966146
14.934935 0.948020
14.954955 0.926145
14.974975 0.900608
14.994995 0.871509
15.015015 0.838964
15.035035 0.803101
15.055055 0.764062
15.075075 0.722002
15.095095 0.677087
15.115115 0.629494
15.135135 0.579412
15.155155 0.527039
15.175175 0.472582
15.195195 0.416256
15.215215 0.358283
15.235235 0.298894
15.255255 0.238323
15.275275 0.176810
15.295295 0.114597
15.315315 0.051932
15.335335 -0.010940
15.355355 -0.073768
15.375375 -0.136304
15.395395 -0.198301
15.415415 -0.259514
15.435435 -0.319701
15.455455 -0.378623
15.475475 -0.436049
15.495495 -0.491750
15.515516 -0.545506
15.535536 -0.597105
15.555556 -0.646343
15.575576 -0.693025
15.595596 -0.736967
15.615616 -0.777994
15.635636 -0.815945
15.655656 -0.850669
15.675676 -0.882029
15.695696 -0.909901
15.715716 -0.934175
15.735736 -0.954755
15.755756 -0.971559
15.775776 -0.984522
15.795796 -0.993591
15.815816 -0.998731
15.835836 -0.999922
15.855856 -0.997158
15.875876 -0.990452
15.895896 -0.979828
15.915916 -0.965330
15.935936 -0.947015
15.955956 -0.924954
15.975976 -0.899236
15.995996 -0.869962
16.016016 -0.837248
16.036036 -0.801223
16.056056 -0.762030
16.076076 -0.719823
16.096096 -0.674770
16.116116 -0.627048
16.136136 -0.576847
16.156156 -0.524364
16.176176 -0.469808
16.196196 -0.413394
16.216216 -0.355346
16.236236 -0.295892
16.256256 -0.235268
16.276276 -0.173714
16.296296 -0.111473
16.316316 -0.048791
16.336336 0.014084
16.356356 0.076903
16.376376 0.139418
16.396396 0.201382
16.416416 0.262550
16.436436 0.322679
16.456456 0.381532
16.476476 0.438876
16.496496 0.494485
16.516517 0.548139
16.536537 0.599625
16.556557 0.648739
16.576577 0.695289
16.596597 0.739089
16.616617 0.779966
16.636637 0.817759
16.656657 0.852318
16.676677 0.883506
16.696697 0.911201
16.716717 0.935293
16.736737 0.955685
16.756757 0.972299
16.776777 0.985068
16.796797 0.993942
16.816817 0.998885
16.836837 0.999877
16.856857 0.996916
16.876877 0.990013
16.896897 0.979195
16.916917 0.964504
16.936937 0.946000
16.956957 0.923755
16.976977 0.897856
16.996997 0.868407
17.017017 0.835524
17.037037 0.799338
17.057057 0.759990
17.077077 0.717636
17.097097 0.672445
17.117117 0.624595
17.137137 0.574275
17.157157 0.521684
17.177177 0.467030
17.197197 0.410529
17.217217 0.352404
17.237237 0.292887
17.257257 0.232210
17.277277 0.170616
17.297297 0.108347
17.317317 0.045650
17.337337 -0.017228
17.357357 -0.080038
17.377377 -0.142532
17.397397 -0.204462
17.417417 -0.265583
17.437437 -0.325654
17.457457 -0.384437
17.477477 -0.441700
17.497497 -0.497216
17.517518 -0.550766
17.537538 -0.602138
17.557558 -0.651129
17.577578 -0.697546
17.597598 -0.741203
17.617618 -0.781930
17.637638 -0.819564
17.657658 -0.853958
17.677678 -0.884975
17.697698 -0.912492
17.717718 -0.936401
17.737738 -0.956607
17.757758 -0.973029
17.777778 -0.985605
17.797798 -0.994282
17.817818 -0.999028
17.837838 -0.999823
17.857858 -0.996665
17.877878 -0.989565
17.897898 -0.978552
17.917918 -0.963669
17.937938 -0.944976
17.957958 -0.922546
17.977978 -0.896467
17.997998 -0.866844
18.018018 -0.833792
18.038038 -0.797444
18.058058 -0.757942
18.078078 -0.715443
18.098098 -0.670114
18.118118 -0.622136
18.138138 -0.571698
18.158158 -0.518998
18.178178 -0.464247
18.198198 -0.407659
18.218218 -0.349460
18.238238 -0.289878
18.258258 -0.229151
18.278278 -0.167517
18.298298 -0.105220
18.318318 -0.042508
18.338338 0.020373
18.358358 0.083173
18.378378 0.145644
18.398398 0.207539
18.418418 0.268613
18.438438 0.328625
18.458458 0.387338
18.478478 0.444519
18.498498 0.499942
18.518519 0.553388
18.538539 0.604646
18.558559 0.653513
18.578579 0.699795
18.598599 0.743311
18.618619 0.783886
18.638639 0.821362
18.658659 0.855590
18.678679 0.886435
18.698699 0.913774
18.718719 0.937500
18.738739 0.957518
18.758759 0.973750
18.778779 0.986131
18.798799 0.994613
18.818819 0.999162
18.838839 0.999759
18.858859 0.996403
18.878879 0.989107
18.898899 0.977899
18.918919 0.962825
18.938939 0.943942
18.958959 0.921328
18.978979 0.895069
18.998999 0.865272
19.019019 0.832052
19.039039 0.795542
19.059059 0.755887
19.079079 0.713242
19.099099 0.667777
19.119119 0.619671
19.139139 0.569115
19.159159 0.516308
19.179179 0.461459
19.199199 0.404786
19.219219 0.346512
19.239239 0.286867
19.259259 0.226088
19.279279 0.164416
19.299299 0.102093
19.319319 0.039366
19.339339 -0.023517
19.359359 -0.086306
19.379379 -0.148754
19.399399 -0.210614
19.419419 -0.271641
19.439439 -0.331594
19.459459 -0.390235
19.479479 -0.447334
19.499499 -0.502663
19.519520 -0.556005
19.539540 -0.607148
19.559560 -0.655890
19.579580 -0.702038
19.599600 -0.745411
19.619620 -0.785835
19.639640 -0.823152
19.659660 -0.857214
19.679680 -0.887886
19.699700 -0.915047
19.719720 -0.938589
19.739740 -0.958420
19.759760 -0.974461
19.779780 -0.986648
19.799800 -0.994934
19.819820 -0.999286
19.839840 -0.999685
19.859860 -0.996132
19.879880 -0.988639
19.899900 -0.977237
19.919920 -0.961970
19.939940 -0.942900
19.959960 -0.920100
19.979980 -0.893663
20.000000 -0.863691
