0.000000 -0.274730
0.020020 -0.334622
0.040040 -0.393190
0.060060 -0.450204
0.080080 -0.505437
0.100100 -0.558671
0.120120 -0.609697
0.140140 -0.658311
0.160160 -0.704322
0.180180 -0.747547
0.200200 -0.787817
0.220220 -0.824971
0.240240 -0.858863
0.260260 -0.889359
0.280280 -0.916338
0.300300 -0.939693
0.320320 -0.959332
0.340340 -0.975177
0.360360 -0.987166
0.380380 -0.995252
0.400400 -0.999402
0.420420 -0.999600
0.440440 -0.995844
0.460460 -0.988151
0.480480 -0.976551
0.500501 -0.961088
0.520521 -0.941825
0.540541 -0.918838
0.560561 -0.892217
0.580581 -0.862068
0.600601 -0.828510
0.620621 -0.791675
0.640641 -0.751710
0.660661 -0.708773
0.680681 -0.663032
0.700701 -0.614670
0.720721 -0.563877
0.740741 -0.510854
0.760761 -0.455811
0.780781 -0.398965
0.800801 -0.340542
0.820821 -0.280772
0.840841 -0.219892
0.860861 -0.158143
0.880881 -0.095767
0.900901 -0.033014
0.920921 0.029871
0.940941 0.092637
0.960961 0.155037
0.980981 0.216823
1.001001 0.277753
1.021021 0.337584
1.041041 0.396080
1.061061 0.453010
1.081081 0.508148
1.101101 0.561277
1.121121 0.612186
1.141141 0.660675
1.161161 0.706551
1.181181 0.749633
1.201201 0.789750
1.221221 0.826745
1.241241 0.860470
1.261261 0.890792
1.281281 0.917592
1.301301 0.940764
1.321321 0.960215
1.341341 0.975869
1.361361 0.987664
1.381381 0.995553
1.401401 0.999506
1.421421 0.999506
1.441441 0.995553
1.461461 0.987664
1.481481 0.975869
1.501502 0.960215
1.521522 0.940764
1.541542 0.917592
1.561562 0.890792
1.581582 0.860470
1.601602 0.826745
1.621622 0.789750
1.641642 0.749633
1.661662 0.706551
1.681682 0.660675
1.701702 0.612186
1.721722 0.561277
1.741742 0.508148
1.761762 0.453010
1.781782 0.396080
1.801802 0.337584
1.821822 0.277753
1.841842 0.216823
1.861862 0.155037
1.881882 0.092637
1.901902 0.029871
1.921922 -0.033014
1.941942 -0.095767
1.961962 -0.158143
1.981982 -0.219892
2.002002 -0.280772
2.022022 -0.340542
2.042042 -0.398965
2.062062 -0.455811
2.082082 -0.510854
2.102102 -0.563877
2.122122 -0.614670
2.142142 -0.663032
2.162162 -0.708773
2.182182 -0.751710
2.202202 -0.791675
2.222222 -0.828510
2.242242 -0.862068
2.262262 -0.892217
2.282282 -0.918838
2.302302 -0.941825
2.322322 -0.961088
2.342342 -0.976551
2.362362 -0.988151
2.382382 -0.995844
2.402402 -0.999600
2.422422 -0.999402
2.442442 -0.995252
2.462462 -0.987166
2.482482 -0.975177
2.502503 -0.959332
2.522523 -0.939693
2.542543 -0.916338
2.562563 -0.889359
2.582583 -0.858863
2.602603 -0.824971
2.622623 -0.787817
2.642643 -0.747547
2.662663 -0.704322
2.682683 -0.658311
2.702703 -0.609697
2.722723 -0.558671
2.742743 -0.505437
2.762763 -0.450204
2.782783 -0.393190
2.802803 -0.334622
2.822823 -0.274730
2.842843 -0.213752
2.862863 -0.151929
2.882883 -0.089505
2.902903 -0.026727
2.922923 0.036157
2.942943 0.098897
2.962963 0.161247
2.982983 0.222959
3.003003 0.283789
3.023023 0.343497
3.043043 0.401847
3.063063 0.458608
3.083083 0.513555
3.103103 0.566471
3.123123 0.617147
3.143143 0.665383
3.163163 0.710987
3.183183 0.753780
3.203203 0.793593
3.223223 0.830267
3.243243 0.863657
3.263263 0.893633
3.283283 0.920074
3.303303 0.942877
3.323323 0.961952
3.343343 0.977223
3.363363 0.988629
3.383383 0.996126
3.403403 0.999684
3.423423 0.999288
3.443443 0.994941
3.463463 0.986659
3.483483 0.974476
3.503504 0.958439
3.523524 0.938612
3.543544 0.915074
3.563564 0.887917
3.583584 0.857248
3.603604 0.823190
3.623624 0.785876
3.643644 0.745455
3.663664 0.702086
3.683684 0.655940
3.703704 0.607201
3.723724 0.556060
3.743744 0.502721
3.763764 0.447394
3.783784 0.390297
3.803804 0.331657
3.823824 0.271705
3.843844 0.210679
3.863864 0.148820
3.883884 0.086373
3.903904 0.023583
3.923924 -0.039299
3.943944 -0.102026
3.963964 -0.164350
3.983984 -0.226023
4.004004 -0.286803
4.024024 -0.346449
4.044044 -0.404725
4.064064 -0.461400
4.084084 -0.516251
4.104104 -0.569060
4.124124 -0.619619
4.144144 -0.667727
4.164164 -0.713195
4.184184 -0.755843
4.204204 -0.795502
4.224224 -0.832015
4.244244 -0.865238
4.264264 -0.895040
4.284284 -0.921302
4.304304 -0.943920
4.324324 -0.962807
4.344344 -0.977885
4.364364 -0.989097
4.384384 -0.996397
4.404404 -0.999758
4.424424 -0.999164
4.444444 -0.994620
4.464464 -0.986142
4.484484 -0.973765
4.504505 -0.957537
4.524525 -0.937523
4.544545 -0.913801
4.564565 -0.886466
4.584585 -0.855625
4.604605 -0.821400
4.624625 -0.783928
4.644645 -0.743355
4.664665 -0.699843
4.684685 -0.653563
4.704705 -0.604699
4.724725 -0.553444
4.744745 -0.500000
4.764765 -0.444579
4.784785 -0.387400
4.804805 -0.328688
4.824825 -0.268678
4.844845 -0.207604
4.864865 -0.145710
4.884885 -0.083239
4.904905 -0.020439
4.924925 0.042441
4.944945 0.105154
4.964965 0.167451
4.984985 0.229086
5.005005 0.289814
5.025025 0.349397
5.045045 0.407598
5.065065 0.464188
5.085085 0.518941
5.105105 0.571643
5.125125 0.622084
5.145145 0.670065
5.165165 0.715396
5.185185 0.757898
5.205205 0.797404
5.225225 0.833756
5.245245 0.866811
5.265265 0.896438
5.285285 0.922520
5.305305 0.944954
5.325325 0.963651
5.345345 0.978538
5.365365 0.989555
5.385385 0.996659
5.405405 0.999822
5.425425 0.999031
5.445445 0.994289
5.465465 0.985616
5.485485 0.973045
5.505506 0.956626
5.525526 0.936424
5.545546 0.912519
5.565566 0.885006
5.585586 0.853993
5.605606 0.819603
5.625626 0.781972
5.645646 0.741248
5.665666 0.697593
5.685686 0.651180
5.705706 0.602192
5.725726 0.550822
5.745746 0.497274
5.765766 0.441760
5.785786 0.384499
5.805806 0.325717
5.825826 0.265647
5.845846 0.204527
5.865866 0.142598
5.885886 0.080105
5.905906 0.017295
5.925926 -0.045583
5.945946 -0.108281
5.965966 -0.170550
5.985986 -0.232146
6.006006 -0.292823
6.026026 -0.352342
6.046046 -0.410468
6.066066 -0.466971
6.086086 -0.521627
6.106106 -0.574220
6.126126 -0.624543
6.146146 -0.672396
6.166166 -0.717590
6.186186 -0.759946
6.206206 -0.799297
6.226226 -0.835488
6.246246 -0.868374
6.266266 -0.897827
6.286286 -0.923729
6.306306 -0.945978
6.326326 -0.964487
6.346346 -0.979181
6.366366 -0.990004
6.386386 -0.996911
6.406406 -0.999876
6.426426 -0.998888
6.446446 -0.993949
6.466466 -0.985080
6.486486 -0.972315
6.506507 -0.955705
6.526527 -0.935316
6.546547 -0.911228
6.566567 -0.883537
6.586587 -0.852352
6.606607 -0.817797
6.626627 -0.780007
6.646647 -0.739134
6.666667 -0.695337
6.686687 -0.648790
6.706707 -0.599678
6.726727 -0.548195
6.746747 -0.494543
6.766767 -0.438936
6.786787 -0.381594
6.806807 -0.322742
6.826827 -0.262614
6.846847 -0.201448
6.866867 -0.139485
6.886887 -0.076970
6.906907 -0.014151
6.926927 0.048724
6.946947 0.111406
6.966967 0.173648
6.986987 0.235203
7.007007 0.295828
7.027027 0.355283
7.047047 0.413334
7.067067 0.469749
7.087087 0.524307
7.107107 0.576792
7.127127 0.626996
7.147147 0.674720
7.167167 0.719777
7.187187 0.761987
7.207207 0.801183
7.227227 0.837212
7.247247 0.869930
7.267267 0.899207
7.287287 0.924929
7.307307 0.946993
7.327327 0.965313
7.347347 0.979815
7.367367 0.990442
7.387387 0.997153
7.407407 0.999921
7.427427 0.998734
7.447447 0.993599
7.467467 0.984533
7.487487 0.971575
7.507508 0.954775
7.527528 0.934199
7.547548 0.909929
7.567568 0.882060
7.587588 0.850704
7.607608 0.815983
7.627628 0.778036
7.647648 0.737012
7.667668 0.693073
7.687688 0.646394
7.707708 0.597159
7.727728 0.545562
7.747748 0.491808
7.767768 0.436109
7.787788 0.378685
7.807808 0.319764
7.827828 0.259578
7.847848 0.198366
7.867868 0.136370
7.887888 0.073834
7.907908 0.011006
7.927928 -0.051865
7.947948 -0.114531
7.967968 -0.176744
7.987988 -0.238259
8.008008 -0.298831
8.028028 -0.358221
8.048048 -0.416195
8.068068 -0.472523
8.088088 -0.526983
8.108108 -0.579358
8.128128 -0.629443
8.148148 -0.677038
8.168168 -0.721956
8.188188 -0.764019
8.208208 -0.803061
8.228228 -0.838927
8.248248 -0.871476
8.268268 -0.900579
8.288288 -0.926120
8.308308 -0.947999
8.328328 -0.966129
8.348348 -0.980439
8.368368 -0.990871
8.388388 -0.997385
8.408408 -0.999955
8.428428 -0.998571
8.448448 -0.993238
8.468468 -0.983978
8.488488 -0.970826
8.508509 -0.953835
8.528529 -0.933072
8.548549 -0.908620
8.568569 -0.880574
8.588589 -0.849046
8.608609 -0.814161
8.628629 -0.776056
8.648649 -0.734883
8.668669 -0.690803
8.688689 -0.643991
8.708709 -0.594633
8.728729 -0.542924
8.748749 -0.489067
8.768769 -0.433277
8.788789 -0.375773
8.808809 -0.316783
8.828829 -0.256540
8.848849 -0.195283
8.868869 -0.133254
8.888889 -0.070698
8.908909 -0.007862
8.928929 0.055005
8.948949 0.117655
8.968969 0.179839
8.988989 0.241312
9.009009 0.301830
9.029029 0.361155
9.049049 0.419052
9.069069 0.475292
9.089089 0.529653
9.109109 0.581918
9.129129 0.631883
9.149149 0.679349
9.169169 0.724128
9.189189 0.766044
9.209209 0.804931
9.229229 0.840635
9.249249 0.873014
9.269269 0.901941
9.289289 0.927302
9.309309 0.948995
9.329329 0.966936
9.349349 0.981053
9.369369 0.991290
9.389389 0.997608
9.409409 0.999980
9.429429 0.998398
9.449449 0.992868
9.469469 0.983412
9.489489 0.970067
9.509510 0.952886
9.529530 0.931937
9.549550 0.907302
9.569570 0.879080
9.589590 0.847381
9.609610 0.812331
9.629630 0.774069
9.649650 0.732746
9.669670 0.688526
9.689690 0.641582
9.709710 0.592102
9.729730 0.540280
9.749750 0.486322
9.769770 0.430440
9.789790 0.372856
9.809810 0.313798
9.829830 0.253499
9.849850 0.192198
9.869870 0.130136
9.889890 0.067560
9.909910 0.004717
9.929930 -0.058145
9.949950 -0.120777
9.969970 -0.182931
9.989990 -0.244362
10.010010 -0.304827
10.030030 -0.364086
10.050050 -0.421906
10.070070 -0.478057
10.090090 -0.532317
10.110110 -0.584473
10.130130 -0.634317
10.150150 -0.681653
10.170170 -0.726294
10.190190 -0.768062
10.210210 -0.806793
10.230230 -0.842334
10.250250 -0.874543
10.270270 -0.903295
10.290290 -0.928474
10.310310 -0.949982
10.330330 -0.967733
10.350350 -0.981657
10.370370 -0.991699
10.390390 -0.997820
10.410410 -0.999995
10.430430 -0.998215
10.450450 -0.992489
10.470470 -0.982837
10.490490 -0.969299
10.510511 -0.951927
10.530531 -0.930792
10.550551 -0.905975
10.570571 -0.877576
10.590591 -0.845707
10.610611 -0.810493
10.630631 -0.772074
10.650651 -0.730603
10.670671 -0.686242
10.690691 -0.639167
10.710711 -0.589565
10.730731 -0.537631
10.750751 -0.483571
10.770771 -0.427600
10.790791 -0.369937
10.810811 -0.310811
10.830831 -0.250456
10.850851 -0.189111
10.870871 -0.127018
10.890891 -0.064422
10.910911 -0.001572
10.930931 0.061284
10.950951 0.123898
10.970971 0.186022
10.990991 0.247410
11.011011 0.307820
11.031031 0.367013
11.051051 0.424755
11.071071 0.480816
11.091091 0.534977
11.111111 0.587022
11.131131 0.636745
11.151151 0.683951
11.171171 0.728452
11.191191 0.770072
11.211211 0.808647
11.231231 0.844024
11.251251 0.876064
11.271271 0.904640
11.291291 0.929638
11.311311 0.950959
11.331331 0.968521
11.351351 0.982252
11.371371 0.992099
11.391391 0.998023
11.411411 1.000000
11.431431 0.998023
11.451451 0.992099
11.471471 0.982252
11.491491 0.968521
11.511512 0.950959
11.531532 0.929638
11.551552 0.904640
11.571572 0.876064
11.591592 0.844024
11.611612 0.808647
11.631632 0.770072
11.651652 0.728452
11.671672 0.683951
11.691692 0.636745
11.711712 0.587022
11.731732 0.534977
11.751752 0.480816
11.771772 0.424755
11.791792 0.367013
11.811812 0.307820
11.831832 0.247410
11.851852 0.186022
11.871872 0.123898
11.891892 0.061284
11.911912 -0.001572
11.931932 -0.064422
11.951952 -0.127018
11.971972 -0.189111
11.991992 -0.250456
12.012012 -0.310811
12.032032 -0.369937
12.052052 -0.427600
12.072072 -0.483571
12.092092 -0.537631
12.112112 -0.589565
12.132132 -0.639167
12.152152 -0.686242
12.172172 -0.730603
12.192192 -0.772074
12.212212 -0.810493
12.232232 -0.845707
12.252252 -0.877576
12.272272 -0.905975
12.292292 -0.930792
12.312312 -0.951927
12.332332 -0.969299
12.352352 -0.982837
12.372372 -0.992489
12.392392 -0.998215
12.412412 -0.999995
12.432432 -0.997820
12.452452 -0.991699
12.472472 -0.981657
12.492492 -0.967733
12.512513 -0.949982
12.532533 -0.928474
12.552553 -0.903295
12.572573 -0.874543
12.592593 -0.842334
12.612613 -0.806793
12.632633 -0.768062
12.652653 -0.726294
12.672673 -0.681653
12.692693 -0.634317
12.712713 -0.584473
12.732733 -0.532317
12.752753 -0.478057
12.772773 -0.421906
12.792793 -0.364086
12.812813 -0.304827
12.832833 -0.244362
12.852853 -0.182931
12.872873 -0.120777
12.892893 -0.058145
12.912913 0.004717
12.932933 0.067560
12.952953 0.130136
12.972973 0.192198
12.992993 0.253499
13.013013 0.313798
13.033033 0.372856
13.053053 0.430440
13.073073 0.486322
13.093093 0.540280
13.113113 0.592102
13.133133 0.641582
13.153153 0.688526
13.173173 0.732746
13.193193 0.774069
13.213213 0.812331
13.233233 0.847381
13.253253 0.879080
13.273273 0.907302
13.293293 0.931937
13.313313 0.952886
13.333333 0.970067
13.353353 0.983412
13.373373 0.992868
13.393393 0.998398
13.413413 0.999980
13.433433 0.997608
13.453453 0.991290
13.473473 0.981053
13.493493 0.966936
13.513514 0.948995
13.533534 0.927302
13.553554 0.901941
13.573574 0.873014
13.593594 0.840635
13.613614 0.804931
13.633634 0.766044
13.653654 0.724128
13.673674 0.679349
13.693694 0.631883
13.713714 0.581918
13.733734 0.529653
13.753754 0.475292
13.773774 0.419052
13.793794 0.361155
13.813814 0.301830
13.833834 0.241312
13.853854 0.179839
13.873874 0.117655
13.893894 0.055005
13.913914 -0.007862
13.933934 -0.070698
13.953954 -0.133254
13.973974 -0.195283
13.993994 -0.256540
14.014014 -0.316783
14.034034 -0.375773
14.054054 -0.433277
14.074074 -0.489067
14.094094 -0.542924
14.114114 -0.594633
14.134134 -0.643991
14.154154 -0.690803
14.174174 -0.734883
14.194194 -0.776056
14.214214 -0.814161
14.234234 -0.849046
14.254254 -0.880574
14.274274 -0.908620
14.294294 -0.933072
14.314314 -0.953835
14.334334 -0.970826
14.354354 -0.983978
14.374374 -0.993238
14.394394 -0.998571
14.414414 -0.999955
14.434434 -0.997385
14.454454 -0.990871
14.474474 -0.980439
14.494494 -0.966129
14.514515 -0.947999
14.534535 -0.926120
14.554555 -0.900579
14.574575 -0.871476
14.594595 -0.838927
14.614615 -0.803061
14.634635 -0.764019
14.654655 -0.721956
14.674675 -0.677038
14.694695 -0.629443
14.714715 -0.579358
14.734735 -0.526983
14.754755 -0.472523
14.774775 -0.416195
14.794795 -0.358221
14.814815 -0.298831
14.834835 -0.238259
14.854855 -0.176744
14.874875 -0.114531
14.894895 -0.051865
14.914915 0.011006
14.934935 0.073834
14.954955 0.136370
14.974975 0.198366
14.994995 0.259578
15.015015 0.319764
15.035035 0.378685
15.055055 0.436109
15.075075 0.491808
15.095095 0.545562
15.115115 0.597159
15.135135 0.646394
15.155155 0.693073
15.175175 0.737012
15.195195 0.778036
15.215215 0.815983
15.235235 0.850704
15.255255 0.882060
15.275275 0.909929
15.295295 0.934199
15.315315 0.954775
15.335335 0.971575
15.355355 0.984533
15.375375 0.993599
15.395395 0.998734
15.415415 0.999921
15.435435 0.997153
15.455455 0.990442
15.475475 0.979815
15.495495 0.965313
15.515516 0.946993
15.535536 0.924929
15.555556 0.899207
15.575576 0.869930
15.595596 0.837212
15.615616 0.801183
15.635636 0.761987
15.655656 0.719777
15.675676 0.674720
15.695696 0.626996
15.715716 0.576792
15.735736 0.524307
15.755756 0.469749
15.775776 0.413334
15.795796 0.355283
15.815816 0.295828
15.835836 0.235203
15.855856 0.173648
15.875876 0.111406
15.895896 0.048724
15.915916 -0.014151
15.935936 -0.076970
15.955956 -0.139485
15.975976 -0.201448
15.995996 -0.262614
16.016016 -0.322742
16.036036 -0.381594
16.056056 -0.438936
16.076076 -0.494543
16.096096 -0.548195
16.116116 -0.599678
16.136136 -0.648790
16.156156 -0.695337
16.176176 -0.739134
16.196196 -0.780007
16.216216 -0.817797
16.236236 -0.852352
16.256256 -0.883537
16.276276 -0.911228
16.296296 -0.935316
16.316316 -0.955705
16.336336 -0.972315
16.356356 -0.985080
16.376376 -0.993949
16.396396 -0.998888
16.416416 -0.999876
16.436436 -0.996911
16.456456 -0.990004
16.476476 -0.979181
16.496496 -0.964487
16.516517 -0.945978
16.536537 -0.923729
16.556557 -0.897827
16.576577 -0.868374
16.596597 -0.835488
16.616617 -0.799297
16.636637 -0.759946
16.656657 -0.717590
16.676677 -0.672396
16.696697 -0.624543
16.716717 -0.574220
16.736737 -0.521627
16.756757 -0.466971
16.776777 -0.410468
16.796797 -0.352342
16.816817 -0.292823
16.836837 -0.232146
16.856857 -0.170550
16.876877 -0.108281
16.896897 -0.045583
16.916917 0.017295
16.936937 0.080105
16.956957 0.142598
16.976977 0.204527
16.996997 0.265647
17.017017 0.325717
17.037037 0.384499
17.057057 0.441760
17.077077 0.497274
17.097097 0.550822
17.117117 0.602192
17.137137 0.651180
17.157157 0.697593
17.177177 0.741248
17.197197 0.781972
17.217217 0.819603
17.237237 0.853993
17.257257 0.885006
17.277277 0.912519
17.297297 0.936424
17.317317 0.956626
17.337337 0.973045
17.357357 0.985616
17.377377 0.994289
17.397397 0.999031
17.417417 0.999822
17.437437 0.996659
17.457457 0.989555
17.477477 0.978538
17.497497 0.963651
17.517518 0.944954
17.537538 0.922520
17.557558 0.896438
17.577578 0.866811
17.597598 0.833756
17.617618 0.797404
17.637638 0.757898
17.657658 0.715396
17.677678 0.670065
17.697698 0.622084
17.717718 0.571643
17.737738 0.518941
17.757758 0.464188
17.777778 0.407598
17.797798 0.349397
17.817818 0.289814
17.837838 0.229086
17.857858 0.167451
17.877878 0.105154
17.897898 0.042441
17.917918 -0.020439
17.937938 -0.083239
17.957958 -0.145710
17.977978 -0.207604
17.997998 -0.268678
18.018018 -0.328688
18.038038 -0.387400
18.058058 -0.444579
18.078078 -0.500000
18.098098 -0.553444
18.118118 -0.604699
18.138138 -0.653563
18.158158 -0.699843
18.178178 -0.743355
18.198198 -0.783928
18.218218 -0.821400
18.238238 -0.855625
18.258258 -0.886466
18.278278 -0.913801
18.298298 -0.937523
18.318318 -0.957537
18.338338 -0.973765
18.358358 -0.986142
18.378378 -0.994620
18.398398 -0.999164
18.418418 -0.999758
18.438438 -0.996397
18.458458 -0.989097
18.478478 -0.977885
18.498498 -0.962807
18.518519 -0.943920
18.538539 -0.921302
18.558559 -0.895040
18.578579 -0.865238
18.598599 -0.832015
18.618619 -0.795502
18.638639 -0.755843
18.658659 -0.713195
18.678679 -0.667727
18.698699 -0.619619
18.718719 -0.569060
18.738739 -0.516251
18.758759 -0.461400
18.778779 -0.404725
18.798799 -0.346449
18.818819 -0.286803
18.838839 -0.226023
18.858859 -0.164350
18.878879 -0.102026
18.898899 -0.039299
18.918919 0.023583
18.938939 0.086373
18.958959 0.148820
18.978979 0.210679
18.998999 0.271705
19.019019 0.331657
19.039039 0.390297
19.059059 0.447394
19.079079 0.502721
19.099099 0.556060
19.119119 0.607201
19.139139 0.655940
19.159159 0.702086
19.179179 0.745455
19.199199 0.785876
19.219219 0.823190
19.239239 0.857248
19.259259 0.887917
19.279279 0.915074
19.299299 0.938612
19.319319 0.958439
19.339339 0.974476
19.359359 0.986659
19.379379 0.994941
19.399399 0.999288
19.419419 0.999684
19.439439 0.996126
19.459459 0.988629
19.479479 0.977223
19.499499 0.961952
19.519520 0.942877
19.539540 0.920074
19.559560 0.893633
19.579580 0.863657
19.599600 0.830267
19.619620 0.793593
19.639640 0.753780
19.659660 0.710987
19.679680 0.665383
19.699700 0.617147
19.719720 0.566471
19.739740 0.513555
19.759760 0.458608
19.779780 0.401847
19.799800 0.343497
19.819820 0.283789
19.839840 0.222959
19.859860 0.161247
19.879880 0.098897
19.899900 0.036157
19.919920 -0.026727
19.939940 -0.089505
19.959960 -0.151929
19.979980 -0.213752
20.000000 -0.274730
