0.000000 -0.943920
0.020020 -0.962807
0.040040 -0.977885
0.060060 -0.989097
0.080080 -0.996397
0.100100 -0.999758
0.120120 -0.999164
0.140140 -0.994620
0.160160 -0.986142
0.180180 -0.973765
0.200200 -0.957537
0.220220 -0.937523
0.240240 -0.913801
0.260260 -0.886466
0.280280 -0.855625
0.300300 -0.821400
0.320320 -0.783928
0.340340 -0.743355
0.360360 -0.699843
0.380380 -0.653563
0.400400 -0.604699
0.420420 -0.553444
0.440440 -0.500000
0.460460 -0.444579
0.480480 -0.387400
0.500501 -0.328688
0.520521 -0.268678
0.540541 -0.207604
0.560561 -0.145710
0.580581 -0.083239
0.600601 -0.020439
0.620621 0.042441
0.640641 0.105154
0.660661 0.167451
0.680681 0.229086
0.700701 0.289814
0.720721 0.349397
0.740741 0.407598
0.760761 0.464188
0.780781 0.518941
0.800801 0.571643
0.820821 0.622084
0.840841 0.670065
0.860861 0.715396
0.880881 0.757898
0.900901 0.797404
0.920921 0.833756
0.940941 0.866811
0.960961 0.896438
0.980981 0.922520
1.001001 0.944954
1.021021 0.963651
1.041041 0.978538
1.061061 0.989555
1.081081 0.996659
1.101101 0.999822
1.121121 0.999031
1.141141 0.994289
1.161161 0.985616
1.181181 0.973045
1.201201 0.956626
1.221221 0.936424
1.241241 0.912519
1.261261 0.885006
1.281281 0.853993
1.301301 0.819603
1.321321 0.781972
1.341341 0.741248
1.361361 0.697593
1.381381 0.651180
1.401401 0.602192
1.421421 0.550822
1.441441 0.497274
1.461461 0.441760
1.481481 0.384499
1.501502 0.325717
1.521522 0.265647
1.541542 0.204527
1.561562 0.142598
1.581582 0.080105
1.601602 0.017295
1.621622 -0.045583
1.641642 -0.108281
1.661662 -0.170550
1.681682 -0.232146
1.701702 -0.292823
1.721722 -0.352342
1.741742 -0.410468
1.761762 -0.466971
1.781782 -0.521627
1.801802 -0.574220
1.821822 -0.624543
1.841842 -0.672396
1.861862 -0.717590
1.881882 -0.759946
1.901902 -0.799297
1.921922 -0.835488
1.941942 -0.868374
1.961962 -0.897827
1.981982 -0.923729
2.002002 -0.945978
2.022022 -0.964487
2.042042 -0.979181
2.062062 -0.990004
2.082082 -0.996911
2.102102 -0.999876
2.122122 -0.998888
2.142142 -0.993949
2.162162 -0.985080
2.182182 -0.972315
2.202202 -0.955705
2.222222 -0.935316
2.242242 -0.911228
2.262262 -0.883537
2.282282 -0.852352
2.302302 -0.817797
2.322322 -0.780007
2.342342 -0.739134
2.362362 -0.695337
2.382382 -0.648790
2.402402 -0.599678
2.422422 -0.548195
2.442442 -0.494543
2.462462 -0.438936
2.482482 -0.381594
2.502503 -0.322742
2.522523 -0.262614
2.542543 -0.201448
2.562563 -0.139485
2.582583 -0.076970
2.602603 -0.014151
2.622623 0.048724
2.642643 0.111406
2.662663 0.173648
2.682683 0.235203
2.702703 0.295828
2.722723 0.355283
2.742743 0.413334
2.762763 0.469749
2.782783 0.524307
2.802803 0.576792
2.822823 0.626996
2.842843 0.674720
2.862863 0.719777
2.882883 0.761987
2.902903 0.801183
2.922923 0.837212
2.942943 0.869930
2.962963 0.899207
2.982983 0.924929
3.003003 0.946993
3.023023 0.965313
3.043043 0.979815
3.063063 0.990442
3.083083 0.997153
3.103103 0.999921
3.123123 0.998734
3.143143 0.993599
3.163163 0.984533
3.183183 0.971575
3.203203 0.954775
3.223223 0.934199
3.243243 0.909929
3.263263 0.882060
3.283283 0.850704
3.303303 0.815983
3.323323 0.778036
3.343343 0.737012
3.363363 0.693073
3.383383 0.646394
3.403403 0.597159
3.423423 0.545562
3.443443 0.491808
3.463463 0.436109
3.483483 0.378685
3.503504 0.319764
3.523524 0.259578
3.543544 0.198366
3.563564 0.136370
3.583584 0.073834
3.603604 0.011006
3.623624 -0.051865
3.643644 -0.114531
3.663664 -0.176744
3.683684 -0.238259
3.703704 -0.298831
3.723724 -0.358221
3.743744 -0.416195
3.763764 -0.472523
3.783784 -0.526983
3.803804 -0.579358
3.823824 -0.629443
3.843844 -0.677038
3.863864 -0.721956
3.883884 -0.764019
3.903904 -0.803061
3.923924 -0.838927
3.943944 -0.871476
3.963964 -0.900579
3.983984 -0.926120
4.004004 -0.947999
4.024024 -0.966129
4.044044 -0.980439
4.064064 -0.990871
4.084084 -0.997385
4.104104 -0.999955
4.124124 -0.998571
4.144144 -0.993238
4.164164 -0.983978
4.184184 -0.970826
4.204204 -0.953835
4.224224 -0.933072
4.244244 -0.908620
4.264264 -0.880574
4.284284 -0.849046
4.304304 -0.814161
4.324324 -0.776056
4.344344 -0.734883
4.364364 -0.690803
4.384384 -0.643991
4.404404 -0.594633
4.424424 -0.542924
4.444444 -0.489067
4.464464 -0.433277
4.484484 -0.375773
4.504505 -0.316783
4.524525 -0.256540
4.544545 -0.195283
4.564565 -0.133254
4.584585 -0.070698
4.604605 -0.007862
4.624625 0.055005
4.644645 0.117655
4.664665 0.179839
4.684685 0.241312
4.704705 0.301830
4.724725 0.361155
4.744745 0.419052
4.764765 0.475292
4.784785 0.529653
4.804805 0.581918
4.824825 0.631883
4.844845 0.679349
4.864865 0.724128
4.884885 0.766044
4.904905 0.804931
4.924925 0.840635
4.944945 0.873014
4.964965 0.901941
4.984985 0.927302
5.005005 0.948995
5.025025 0.966936
5.045045 0.981053
5.065065 0.991290
5.085085 0.997608
5.105105 0.999980
5.125125 0.998398
5.145145 0.992868
5.165165 0.983412
5.185185 0.970067
5.205205 0.952886
5.225225 0.931937
5.245245 0.907302
5.265265 0.879080
5.285285 0.847381
5.305305 0.812331
5.325325 0.774069
5.345345 0.732746
5.365365 0.688526
5.385385 0.641582
5.405405 0.592102
5.425425 0.540280
5.445445 0.486322
5.465465 0.430440
5.485485 0.372856
5.505506 0.313798
5.525526 0.253499
5.545546 0.192198
5.565566 0.130136
5.585586 0.067560
5.605606 0.004717
5.625626 -0.058145
5.645646 -0.120777
5.665666 -0.182931
5.685686 -0.244362
5.705706 -0.304827
5.725726 -0.364086
5.745746 -0.421906
5.765766 -0.478057
5.785786 -0.532317
5.805806 -0.584473
5.825826 -0.634317
5.845846 -0.681653
5.865866 -0.726294
5.885886 -0.768062
5.905906 -0.806793
5.925926 -0.842334
5.945946 -0.874543
5.965966 -0.903295
5.985986 -0.928474
6.006006 -0.949982
6.026026 -0.967733
6.046046 -0.981657
6.066066 -0.991699
6.086086 -0.997820
6.106106 -0.999995
6.126126 -0.998215
6.146146 -0.992489
6.166166 -0.982837
6.186186 -0.969299
6.206206 -0.951927
6.226226 -0.930792
6.246246 -0.905975
6.266266 -0.877576
6.286286 -0.845707
6.306306 -0.810493
6.326326 -0.772074
6.346346 -0.730603
6.366366 -0.686242
6.386386 -0.639167
6.406406 -0.589565
6.426426 -0.537631
6.446446 -0.483571
6.466466 -0.427600
6.486486 -0.369937
6.506507 -0.310811
6.526527 -0.250456
6.546547 -0.189111
6.566567 -0.127018
6.586587 -0.064422
6.606607 -0.001572
6.626627 0.061284
6.646647 0.123898
6.666667 0.186022
6.686687 0.247410
6.706707 0.307820
6.726727 0.367013
6.746747 0.424755
6.766767 0.480816
6.786787 0.534977
6.806807 0.587022
6.826827 0.636745
6.846847 0.683951
6.866867 0.728452
6.886887 0.770072
6.906907 0.808647
6.926927 0.844024
6.946947 0.876064
6.966967 0.904640
6.986987 0.929638
7.007007 0.950959
7.027027 0.968521
7.047047 0.982252
7.067067 0.992099
7.087087 0.998023
7.107107 1.000000
7.127127 0.998023
7.147147 0.992099
7.167167 0.982252
7.187187 0.968521
7.207207 0.950959
7.227227 0.929638
7.247247 0.904640
7.267267 0.876064
7.287287 0.844024
7.307307 0.808647
7.327327 0.770072
7.347347 0.728452
7.367367 0.683951
7.387387 0.636745
7.407407 0.587022
7.427427 0.534977
7.447447 0.480816
7.467467 0.424755
7.487487 0.367013
7.507508 0.307820
7.527528 0.247410
7.547548 0.186022
7.567568 0.123898
7.587588 0.061284
7.607608 -0.001572
7.627628 -0.064422
7.647648 -0.127018
7.667668 -0.189111
7.687688 -0.250456
7.707708 -0.310811
7.727728 -0.369937
7.747748 -0.427600
7.767768 -0.483571
7.787788 -0.537631
7.807808 -0.589565
7.827828 -0.639167
7.847848 -0.686242
7.867868 -0.730603
7.887888 -0.772074
7.907908 -0.810493
7.927928 -0.845707
7.947948 -0.877576
7.967968 -0.905975
7.987988 -0.930792
8.008008 -0.951927
8.028028 -0.969299
8.048048 -0.982837
8.068068 -0.992489
8.088088 -0.998215
8.108108 -0.999995
8.128128 -0.997820
8.148148 -0.991699
8.168168 -0.981657
8.188188 -0.967733
8.208208 -0.949982
8.228228 -0.928474
8.248248 -0.903295
8.268268 -0.874543
8.288288 -0.842334
8.308308 -0.806793
8.328328 -0.768062
8.348348 -0.726294
8.368368 -0.681653
8.388388 -0.634317
8.408408 -0.584473
8.428428 -0.532317
8.448448 -0.478057
8.468468 -0.421906
8.488488 -0.364086
8.508509 -0.304827
8.528529 -0.244362
8.548549 -0.182931
8.568569 -0.120777
8.588589 -0.058145
8.608609 0.004717
8.628629 0.067560
8.648649 0.130136
8.668669 0.192198
8.688689 0.253499
8.708709 0.313798
8.728729 0.372856
8.748749 0.430440
8.768769 0.486322
8.788789 0.540280
8.808809 0.592102
8.828829 0.641582
8.848849 0.688526
8.868869 0.732746
8.888889 0.774069
8.908909 0.812331
8.928929 0.847381
8.948949 0.879080
8.968969 0.907302
8.988989 0.931937
9.009009 0.952886
9.029029 0.970067
9.049049 0.983412
9.069069 0.992868
9.089089 0.998398
9.109109 0.999980
9.129129 0.997608
9.149149 0.991290
9.169169 0.981053
9.189189 0.966936
9.209209 0.948995
9.229229 0.927302
9.249249 0.901941
9.269269 0.873014
9.289289 0.840635
9.309309 0.804931
9.329329 0.766044
9.349349 0.724128
9.369369 0.679349
9.389389 0.631883
9.409409 0.581918
9.429429 0.529653
9.449449 0.475292
9.469469 0.419052
9.489489 0.361155
9.509510 0.301830
9.529530 0.241312
9.549550 0.179839
9.569570 0.117655
9.589590 0.055005
9.609610 -0.007862
9.629630 -0.070698
9.649650 -0.133254
9.669670 -0.195283
9.689690 -0.256540
9.709710 -0.316783
9.729730 -0.375773
9.749750 -0.433277
9.769770 -0.489067
9.789790 -0.542924
9.809810 -0.594633
9.829830 -0.643991
9.849850 -0.690803
9.869870 -0.734883
9.889890 -0.776056
9.909910 -0.814161
9.929930 -0.849046
9.949950 -0.880574
9.969970 -0.908620
9.989990 -0.933072
10.010010 -0.953835
10.030030 -0.970826
10.050050 -0.983978
10.070070 -0.993238
10.090090 -0.998571
10.110110 -0.999955
10.130130 -0.997385
10.150150 -0.990871
10.170170 -0.980439
10.190190 -0.966129
10.210210 -0.947999
10.230230 -0.926120
10.250250 -0.900579
10.270270 -0.871476
10.290290 -0.838927
10.310310 -0.803061
10.330330 -0.764019
10.350350 -0.721956
10.370370 -0.677038
10.390390 -0.629443
10.410410 -0.579358
10.430430 -0.526983
10.450450 -0.472523
10.470470 -0.416195
10.490490 -0.358221
10.510511 -0.298831
10.530531 -0.238259
10.550551 -0.176744
10.570571 -0.114531
10.590591 -0.051865
10.610611 0.011006
10.630631 0.073834
10.650651 0.136370
10.670671 0.198366
10.690691 0.259578
10.710711 0.319764
10.730731 0.378685
10.750751 0.436109
10.770771 0.491808
10.790791 0.545562
10.810811 0.597159
10.830831 0.646394
10.850851 0.693073
10.870871 0.737012
10.890891 0.778036
10.910911 0.815983
10.930931 0.850704
10.950951 0.882060
10.970971 0.909929
10.990991 0.934199
11.011011 0.954775
11.031031 0.971575
11.051051 0.984533
11.071071 0.993599
11.091091 0.998734
11.111111 0.999921
11.131131 0.997153
11.151151 0.990442
11.171171 0.979815
11.191191 0.965313
11.211211 0.946993
11.231231 0.924929
11.251251 0.899207
11.271271 0.869930
11.291291 0.837212
11.311311 0.801183
11.331331 0.761987
11.351351 0.719777
11.371371 0.674720
11.391391 0.626996
11.411411 0.576792
11.431431 0.524307
11.451451 0.469749
11.471471 0.413334
11.491491 0.355283
11.511512 0.295828
11.531532 0.235203
11.551552 0.173648
11.571572 0.111406
11.591592 0.048724
11.611612 -0.014151
11.631632 -0.076970
11.651652 -0.139485
11.671672 -0.201448
11.691692 -0.262614
11.711712 -0.322742
11.731732 -0.381594
11.751752 -0.438936
11.771772 -0.494543
11.791792 -0.548195
11.811812 -0.599678
11.831832 -0.648790
11.851852 -0.695337
11.871872 -0.739134
11.891892 -0.780007
11.911912 -0.817797
11.931932 -0.852352
11.951952 -0.883537
11.971972 -0.911228
11.991992 -0.935316
12.012012 -0.955705
12.032032 -0.972315
12.052052 -0.985080
12.072072 -0.993949
12.092092 -0.998888
12.112112 -0.999876
12.132132 -0.996911
12.152152 -0.990004
12.172172 -0.979181
12.192192 -0.964487
12.212212 -0.945978
12.232232 -0.923729
12.252252 -0.897827
12.272272 -0.868374
12.292292 -0.835488
12.312312 -0.799297
12.332332 -0.759946
12.352352 -0.717590
12.372372 -0.672396
12.392392 -0.624543
12.412412 -0.574220
12.432432 -0.521627
12.452452 -0.466971
12.472472 -0.410468
12.492492 -0.352342
12.512513 -0.292823
12.532533 -0.232146
12.552553 -0.170550
12.572573 -0.108281
12.592593 -0.045583
12.612613 0.017295
12.632633 0.080105
12.652653 0.142598
12.672673 0.204527
12.692693 0.265647
12.712713 0.325717
12.732733 0.384499
12.752753 0.441760
12.772773 0.497274
12.792793 0.550822
12.812813 0.602192
12.832833 0.651180
12.852853 0.697593
12.872873 0.741248
12.892893 0.781972
12.912913 0.819603
12.932933 0.853993
12.952953 0.885006
12.972973 0.912519
12.992993 0.936424
13.013013 0.956626
13.033033 0.973045
13.053053 0.985616
13.073073 0.994289
13.093093 0.999031
13.113113 0.999822
13.133133 0.996659
13.153153 0.989555
13.173173 0.978538
13.193193 0.963651
13.213213 0.944954
13.233233 0.922520
13.253253 0.896438
13.273273 0.866811
13.293293 0.833756
13.313313 0.797404
13.333333 0.757898
13.353353 0.715396
13.373373 0.670065
13.393393 0.622084
13.413413 0.571643
13.433433 0.518941
13.453453 0.464188
13.473473 0.407598
13.493493 0.349397
13.513514 0.289814
13.533534 0.229086
13.553554 0.167451
13.573574 0.105154
13.593594 0.042441
13.613614 -0.020439
13.633634 -0.083239
13.653654 -0.145710
13.673674 -0.207604
13.693694 -0.268678
13.713714 -0.328688
13.733734 -0.387400
13.753754 -0.444579
13.773774 -0.500000
13.793794 -0.553444
13.813814 -0.604699
13.833834 -0.653563
13.853854 -0.699843
13.873874 -0.743355
13.893894 -0.783928
13.913914 -0.821400
13.933934 -0.855625
13.953954 -0.886466
13.973974 -0.913801
13.993994 -0.937523
14.014014 -0.957537
14.034034 -0.973765
14.054054 -0.986142
14.074074 -0.994620
14.094094 -0.999164
14.114114 -0.999758
14.134134 -0.996397
14.154154 -0.989097
14.174174 -0.977885
14.194194 -0.962807
14.214214 -0.943920
14.234234 -0.921302
14.254254 -0.895040
14.274274 -0.865238
14.294294 -0.832015
14.314314 -0.795502
14.334334 -0.755843
14.354354 -0.713195
14.374374 -0.667727
14.394394 -0.619619
14.414414 -0.569060
14.434434 -0.516251
14.454454 -0.461400
14.474474 -0.404725
14.494494 -0.346449
14.514515 -0.286803
14.534535 -0.226023
14.554555 -0.164350
14.574575 -0.102026
14.594595 -0.039299
14.614615 0.023583
14.634635 0.086373
14.654655 0.148820
14.674675 0.210679
14.694695 0.271705
14.714715 0.331657
14.734735 0.390297
14.754755 0.447394
14.774775 0.502721
14.794795 0.556060
14.814815 0.607201
14.834835 0.655940
14.854855 0.702086
14.874875 0.745455
14.894895 0.785876
14.914915 0.823190
14.934935 0.857248
14.954955 0.887917
14.974975 0.915074
14.994995 0.938612
15.015015 0.958439
15.035035 0.974476
15.055055 0.986659
15.075075 0.994941
15.095095 0.999288
15.115115 0.999684
15.135135 0.996126
15.155155 0.988629
15.175175 0.977223
15.195195 0.961952
15.215215 0.942877
15.235235 0.920074
15.255255 0.893633
15.275275 0.863657
15.295295 0.830267
15.315315 0.793593
15.335335 0.753780
15.355355 0.710987
15.375375 0.665383
15.395395 0.617147
15.415415 0.566471
15.435435 0.513555
15.455455 0.458608
15.475475 0.401847
15.495495 0.343497
15.515516 0.283789
15.535536 0.222959
15.555556 0.161247
15.575576 0.098897
15.595596 0.036157
15.615616 -0.026727
15.635636 -0.089505
15.655656 -0.151929
15.675676 -0.213752
15.695696 -0.274730
15.715716 -0.334622
15.735736 -0.393190
15.755756 -0.450204
15.775776 -0.505437
15.795796 -0.558671
15.815816 -0.609697
15.835836 -0.658311
15.855856 -0.704322
15.875876 -0.747547
15.895896 -0.787817
15.915916 -0.824971
15.935936 -0.858863
15.955956 -0.889359
15.975976 -0.916338
15.995996 -0.939693
16.016016 -0.959332
16.036036 -0.975177
16.056056 -0.987166
16.076076 -0.995252
16.096096 -0.999402
16.116116 -0.999600
16.136136 -0.995844
16.156156 -0.988151
16.176176 -0.976551
16.196196 -0.961088
16.216216 -0.941825
16.236236 -0.918838
16.256256 -0.892217
16.276276 -0.862068
16.296296 -0.828510
16.316316 -0.791675
16.336336 -0.751710
16.356356 -0.708773
16.376376 -0.663032
16.396396 -0.614670
16.416416 -0.563877
16.436436 -0.510854
16.456456 -0.455811
16.476476 -0.398965
16.496496 -0.340542
16.516517 -0.280772
16.536537 -0.219892
16.556557 -0.158143
16.576577 -0.095767
16.596597 -0.033014
16.616617 0.029871
16.636637 0.092637
16.656657 0.155037
16.676677 0.216823
16.696697 0.277753
16.716717 0.337584
16.736737 0.396080
16.756757 0.453010
16.776777 0.508148
16.796797 0.561277
16.816817 0.612186
16.836837 0.660675
16.856857 0.706551
16.876877 0.749633
16.896897 0.789750
16.916917 0.826745
16.936937 0.860470
16.956957 0.890792
16.976977 0.917592
16.996997 0.940764
17.017017 0.960215
17.037037 0.975869
17.057057 0.987664
17.077077 0.995553
17.097097 0.999506
17.117117 0.999506
17.137137 0.995553
17.157157 0.987664
17.177177 0.975869
17.197197 0.960215
17.217217 0.940764
17.237237 0.917592
17.257257 0.890792
17.277277 0.860470
17.297297 0.826745
17.317317 0.789750
17.337337 0.749633
17.357357 0.706551
17.377377 0.660675
17.397397 0.612186
17.417417 0.561277
17.437437 0.508148
17.457457 0.453010
17.477477 0.396080
17.497497 0.337584
17.517518 0.277753
17.537538 0.216823
17.557558 0.155037
17.577578 0.092637
17.597598 0.029871
17.617618 -0.033014
17.637638 -0.095767
17.657658 -0.158143
17.677678 -0.219892
17.697698 -0.280772
17.717718 -0.340542
17.737738 -0.398965
17.757758 -0.455811
17.777778 -0.510854
17.797798 -0.563877
17.817818 -0.614670
17.837838 -0.663032
17.857858 -0.708773
17.877878 -0.751710
17.897898 -0.791675
17.917918 -0.828510
17.937938 -0.862068
17.957958 -0.892217
17.977978 -0.918838
17.997998 -0.941825
18.018018 -0.961088
18.038038 -0.976551
18.058058 -0.988151
18.078078 -0.995844
18.098098 -0.999600
18.118118 -0.999402
18.138138 -0.995252
18.158158 -0.987166
18.178178 -0.975177
18.198198 -0.959332
18.218218 -0.939693
18.238238 -0.916338
18.258258 -0.889359
18.278278 -0.858863
18.298298 -0.824971
18.318318 -0.787817
18.338338 -0.747547
18.358358 -0.704322
18.378378 -0.658311
18.398398 -0.609697
18.418418 -0.558671
18.438438 -0.505437
18.458458 -0.450204
18.478478 -0.393190
18.498498 -0.334622
18.518519 -0.274730
18.538539 -0.213752
18.558559 -0.151929
18.578579 -0.089505
18.598599 -0.026727
18.618619 0.036157
18.638639 0.098897
18.658659 0.161247
18.678679 0.222959
18.698699 0.283789
18.718719 0.343497
18.738739 0.401847
18.758759 0.458608
18.778779 0.513555
18.798799 0.566471
18.818819 0.617147
18.838839 0.665383
18.858859 0.710987
18.878879 0.753780
18.898899 0.793593
18.918919 0.830267
18.938939 0.863657
18.958959 0.893633
18.978979 0.920074
18.998999 0.942877
19.019019 0.961952
19.039039 0.977223
19.059059 0.988629
19.079079 0.996126
19.099099 0.999684
19.119119 0.999288
19.139139 0.994941
19.159159 0.986659
19.179179 0.974476
19.199199 0.958439
19.219219 0.938612
19.239239 0.915074
19.259259 0.887917
19.279279 0.857248
19.299299 0.823190
19.319319 0.785876
19.339339 0.745455
19.359359 0.702086
19.379379 0.655940
19.399399 0.607201
19.419419 0.556060
19.439439 0.502721
19.459459 0.447394
19.479479 0.390297
19.499499 0.331657
19.519520 0.271705
19.539540 0.210679
19.559560 0.148820
19.579580 0.086373
19.599600 0.023583
19.619620 -0.039299
19.639640 -0.102026
19.659660 -0.164350
19.679680 -0.226023
19.699700 -0.286803
19.719720 -0.346449
19.739740 -0.404725
19.759760 -0.461400
19.779780 -0.516251
19.799800 -0.569060
19.819820 -0.619619
19.839840 -0.667727
19.859860 -0.713195
19.879880 -0.755843
19.899900 -0.795502
19.919920 -0.832015
19.939940 -0.865238
19.959960 -0.895040
19.979980 -0.921302
20.000000 -0.943920
