0.000000 -0.849046
0.020020 -0.814161
0.040040 -0.776056
0.060060 -0.734883
0.080080 -0.690803
0.100100 -0.643991
0.120120 -0.594633
0.140140 -0.542924
0.160160 -0.489067
0.180180 -0.433277
0.200200 -0.375773
0.220220 -0.316783
0.240240 -0.256540
0.260260 -0.195283
0.280280 -0.133254
0.300300 -0.070698
0.320320 -0.007862
0.340340 0.055005
0.360360 0.117655
0.380380 0.179839
0.400400 0.241312
0.420420 0.301830
0.440440 0.361155
0.460460 0.419052
0.480480 0.475292
0.500501 0.529653
0.520521 0.581918
0.540541 0.631883
0.560561 0.679349
0.580581 0.724128
0.600601 0.766044
0.620621 0.804931
0.640641 0.840635
0.660661 0.873014
0.680681 0.901941
0.700701 0.927302
0.720721 0.948995
0.740741 0.966936
0.760761 0.981053
0.780781 0.991290
0.800801 0.997608
0.820821 0.999980
0.840841 0.998398
0.860861 0.992868
0.880881 0.983412
0.900901 0.970067
0.920921 0.952886
0.940941 0.931937
0.960961 0.907302
0.980981 0.879080
1.001001 0.847381
1.021021 0.812331
1.041041 0.774069
1.061061 0.732746
1.081081 0.688526
1.101101 0.641582
1.121121 0.592102
1.141141 0.540280
1.161161 0.486322
1.181181 0.430440
1.201201 0.372856
1.221221 0.313798
1.241241 0.253499
1.261261 0.192198
1.281281 0.130136
1.301301 0.067560
1.321321 0.004717
1.341341 -0.058145
1.361361 -0.120777
1.381381 -0.182931
1.401401 -0.244362
1.421421 -0.304827
1.441441 -0.364086
1.461461 -0.421906
1.481481 -0.478057
1.501502 -0.532317
1.521522 -0.584473
1.541542 -0.634317
1.561562 -0.681653
1.581582 -0.726294
1.601602 -0.768062
1.621622 -0.806793
1.641642 -0.842334
1.661662 -0.874543
1.681682 -0.903295
1.701702 -0.928474
1.721722 -0.949982
1.741742 -0.967733
1.761762 -0.981657
1.781782 -0.991699
1.801802 -0.997820
1.821822 -0.999995
1.841842 -0.998215
1.861862 -0.992489
1.881882 -0.982837
1.901902 -0.969299
1.921922 -0.951927
1.941942 -0.930792
1.961962 -0.905975
1.981982 -0.877576
2.002002 -0.845707
2.022022 -0.810493
2.042042 -0.772074
2.062062 -0.730603
2.082082 -0.686242
2.102102 -0.639167
2.122122 -0.589565
2.142142 -0.537631
2.162162 -0.483571
2.182182 -0.427600
2.202202 -0.369937
2.222222 -0.310811
2.242242 -0.250456
2.262262 -0.189111
2.282282 -0.127018
2.302302 -0.064422
2.322322 -0.001572
2.342342 0.061284
2.362362 0.123898
2.382382 0.186022
2.402402 0.247410
2.422422 0.307820
2.442442 0.367013
2.462462 0.424755
2.482482 0.480816
2.502503 0.534977
2.522523 0.587022
2.542543 0.636745
2.562563 0.683951
2.582583 0.728452
2.602603 0.770072
2.622623 0.808647
2.642643 0.844024
2.662663 0.876064
2.682683 0.904640
2.702703 0.929638
2.722723 0.950959
2.742743 0.968521
2.762763 0.982252
2.782783 0.992099
2.802803 0.998023
2.822823 1.000000
2.842843 0.998023
2.862863 0.992099
2.882883 0.982252
2.902903 0.968521
2.922923 0.950959
2.942943 0.929638
2.962963 0.904640
2.982983 0.876064
3.003003 0.844024
3.023023 0.808647
3.043043 0.770072
3.063063 0.728452
3.083083 0.683951
3.103103 0.636745
3.123123 0.587022
3.143143 0.534977
3.163163 0.480816
3.183183 0.424755
3.203203 0.367013
3.223223 0.307820
3.243243 0.247410
3.263263 0.186022
3.283283 0.123898
3.303303 0.061284
3.323323 -0.001572
3.343343 -0.064422
3.363363 -0.127018
3.383383 -0.189111
3.403403 -0.250456
3.423423 -0.310811
3.443443 -0.369937
3.463463 -0.427600
3.483483 -0.483571
3.503504 -0.537631
3.523524 -0.589565
3.543544 -0.639167
3.563564 -0.686242
3.583584 -0.730603
3.603604 -0.772074
3.623624 -0.810493
3.643644 -0.845707
3.663664 -0.877576
3.683684 -0.905975
3.703704 -0.930792
3.723724 -0.951927
3.743744 -0.969299
3.763764 -0.982837
3.783784 -0.992489
3.803804 -0.998215
3.823824 -0.999995
3.843844 -0.997820
3.863864 -0.991699
3.883884 -0.981657
3.903904 -0.967733
3.923924 -0.949982
3.943944 -0.928474
3.963964 -0.903295
3.983984 -0.874543
4.004004 -0.842334
4.024024 -0.806793
4.044044 -0.768062
4.064064 -0.726294
4.084084 -0.681653
4.104104 -0.634317
4.124124 -0.584473
4.144144 -0.532317
4.164164 -0.478057
4.184184 -0.421906
4.204204 -0.364086
4.224224 -0.304827
4.244244 -0.244362
4.264264 -0.182931
4.284284 -0.120777
4.304304 -0.058145
4.324324 0.004717
4.344344 0.067560
4.364364 0.130136
4.384384 0.192198
4.404404 0.253499
4.424424 0.313798
4.444444 0.372856
4.464464 0.430440
4.484484 0.486322
4.504505 0.540280
4.524525 0.592102
4.544545 0.641582
4.564565 0.688526
4.584585 0.732746
4.604605 0.774069
4.624625 0.812331
4.644645 0.847381
4.664665 0.879080
4.684685 0.907302
4.704705 0.931937
4.724725 0.952886
4.744745 0.970067
4.764765 0.983412
4.784785 0.992868
4.804805 0.998398
4.824825 0.999980
4.844845 0.997608
4.864865 0.991290
4.884885 0.981053
4.904905 0.966936
4.924925 0.948995
4.944945 0.927302
4.964965 0.901941
4.984985 0.873014
5.005005 0.840635
5.025025 0.804931
5.045045 0.766044
5.065065 0.724128
5.085085 0.679349
5.105105 0.631883
5.125125 0.581918
5.145145 0.529653
5.165165 0.475292
5.185185 0.419052
5.205205 0.361155
5.225225 0.301830
5.245245 0.241312
5.265265 0.179839
5.285285 0.117655
5.305305 0.055005
5.325325 -0.007862
5.345345 -0.070698
5.365365 -0.133254
5.385385 -0.195283
5.405405 -0.256540
5.425425 -0.316783
5.445445 -0.375773
5.465465 -0.433277
5.485485 -0.489067
5.505506 -0.542924
5.525526 -0.594633
5.545546 -0.643991
5.565566 -0.690803
5.585586 -0.734883
5.605606 -0.776056
5.625626 -0.814161
5.645646 -0.849046
5.665666 -0.880574
5.685686 -0.908620
5.705706 -0.933072
5.725726 -0.953835
5.745746 -0.970826
5.765766 -0.983978
5.785786 -0.993238
5.805806 -0.998571
5.825826 -0.999955
5.845846 -0.997385
5.865866 -0.990871
5.885886 -0.980439
5.905906 -0.966129
5.925926 -0.947999
5.945946 -0.926120
5.965966 -0.900579
5.985986 -0.871476
6.006006 -0.838927
6.026026 -0.803061
6.046046 -0.764019
6.066066 -0.721956
6.086086 -0.677038
6.106106 -0.629443
6.126126 -0.579358
6.146146 -0.526983
6.166166 -0.472523
6.186186 -0.416195
6.206206 -0.358221
6.226226 -0.298831
6.246246 -0.238259
6.266266 -0.176744
6.286286 -0.114531
6.306306 -0.051865
6.326326 0.011006
6.346346 0.073834
6.366366 0.136370
6.386386 0.198366
6.406406 0.259578
6.426426 0.319764
6.446446 0.378685
6.466466 0.436109
6.486486 0.491808
6.506507 0.545562
6.526527 0.597159
6.546547 0.646394
6.566567 0.693073
6.586587 0.737012
6.606607 0.778036
6.626627 0.815983
6.646647 0.850704
6.666667 0.882060
6.686687 0.909929
6.706707 0.934199
6.726727 0.954775
6.746747 0.971575
6.766767 0.984533
6.786787 0.993599
6.806807 0.998734
6.826827 0.999921
6.846847 0.997153
6.866867 0.990442
6.886887 0.979815
6.906907 0.965313
6.926927 0.946993
6.946947 0.924929
6.966967 0.899207
6.986987 0.869930
7.007007 0.837212
7.027027 0.801183
7.047047 0.761987
7.067067 0.719777
7.087087 0.674720
7.107107 0.626996
7.127127 0.576792
7.147147 0.524307
7.167167 0.469749
7.187187 0.413334
7.207207 0.355283
7.227227 0.295828
7.247247 0.235203
7.267267 0.173648
7.287287 0.111406
7.307307 0.048724
7.327327 -0.014151
7.347347 -0.076970
7.367367 -0.139485
7.387387 -0.201448
7.407407 -0.262614
7.427427 -0.322742
7.447447 -0.381594
7.467467 -0.438936
7.487487 -0.494543
7.507508 -0.548195
7.527528 -0.599678
7.547548 -0.648790
7.567568 -0.695337
7.587588 -0.739134
7.607608 -0.780007
7.627628 -0.817797
7.647648 -0.852352
7.667668 -0.883537
7.687688 -0.911228
7.707708 -0.935316
7.727728 -0.955705
7.747748 -0.972315
7.767768 -0.985080
7.787788 -0.993949
7.807808 -0.998888
7.827828 -0.999876
7.847848 -0.996911
7.867868 -0.990004
7.887888 -0.979181
7.907908 -0.964487
7.927928 -0.945978
7.947948 -0.923729
7.967968 -0.897827
7.987988 -0.868374
8.008008 -0.835488
8.028028 -0.799297
8.048048 -0.759946
8.068068 -0.717590
8.088088 -0.672396
8.108108 -0.624543
8.128128 -0.574220
8.148148 -0.521627
8.168168 -0.466971
8.188188 -0.410468
8.208208 -0.352342
8.228228 -0.292823
8.248248 -0.232146
8.268268 -0.170550
8.288288 -0.108281
8.308308 -0.045583
8.328328 0.017295
8.348348 0.080105
8.368368 0.142598
8.388388 0.204527
8.408408 0.265647
8.428428 0.325717
8.448448 0.384499
8.468468 0.441760
8.488488 0.497274
8.508509 0.550822
8.528529 0.602192
8.548549 0.651180
8.568569 0.697593
8.588589 0.741248
8.608609 0.781972
8.628629 0.819603
8.648649 0.853993
8.668669 0.885006
8.688689 0.912519
8.708709 0.936424
8.728729 0.956626
8.748749 0.973045
8.768769 0.985616
8.788789 0.994289
8.808809 0.999031
8.828829 0.999822
8.848849 0.996659
8.868869 0.989555
8.888889 0.978538
8.908909 0.963651
8.928929 0.944954
8.948949 0.922520
8.968969 0.896438
8.988989 0.866811
9.009009 0.833756
9.029029 0.797404
9.049049 0.757898
9.069069 0.715396
9.089089 0.670065
9.109109 0.622084
9.129129 0.571643
9.149149 0.518941
9.169169 0.464188
9.189189 0.407598
9.209209 0.349397
9.229229 0.289814
9.249249 0.229086
9.269269 0.167451
9.289289 0.105154
9.309309 0.042441
9.329329 -0.020439
9.349349 -0.083239
9.369369 -0.145710
9.389389 -0.207604
9.409409 -0.268678
9.429429 -0.328688
9.449449 -0.387400
9.469469 -0.444579
9.489489 -0.500000
9.509510 -0.553444
9.529530 -0.604699
9.549550 -0.653563
9.569570 -0.699843
9.589590 -0.743355
9.609610 -0.783928
9.629630 -0.821400
9.649650 -0.855625
9.669670 -0.886466
9.689690 -0.913801
9.709710 -0.937523
9.729730 -0.957537
9.749750 -0.973765
9.769770 -0.986142
9.789790 -0.994620
9.809810 -0.999164
9.829830 -0.999758
9.849850 -0.996397
9.869870 -0.989097
9.889890 -0.977885
9.909910 -0.962807
9.929930 -0.943920
9.949950 -0.921302
9.969970 -0.895040
9.989990 -0.865238
10.010010 -0.832015
10.030030 -0.795502
10.050050 -0.755843
10.070070 -0.713195
10.090090 -0.667727
10.110110 -0.619619
10.130130 -0.569060
10.150150 -0.516251
10.170170 -0.461400
10.190190 -0.404725
10.210210 -0.346449
10.230230 -0.286803
10.250250 -0.226023
10.270270 -0.164350
10.290290 -0.102026
10.310310 -0.039299
10.330330 0.023583
10.350350 0.086373
10.370370 0.148820
10.390390 0.210679
10.410410 0.271705
10.430430 0.331657
10.450450 0.390297
10.470470 0.447394
10.490490 0.502721
10.510511 0.556060
10.530531 0.607201
10.550551 0.655940
10.570571 0.702086
10.590591 0.745455
10.610611 0.785876
10.630631 0.823190
10.650651 0.857248
10.670671 0.887917
10.690691 0.915074
10.710711 0.938612
10.730731 0.958439
10.750751 0.974476
10.770771 0.986659
10.790791 0.994941
10.810811 0.999288
10.830831 0.999684
10.850851 0.996126
10.870871 0.988629
10.890891 0.977223
10.910911 0.961952
10.930931 0.942877
10.950951 0.920074
10.970971 0.893633
10.990991 0.863657
11.011011 0.830267
11.031031 0.793593
11.051051 0.753780
11.071071 0.710987
11.091091 0.665383
11.111111 0.617147
11.131131 0.566471
11.151151 0.513555
11.171171 0.458608
11.191191 0.401847
11.211211 0.343497
11.231231 0.283789
11.251251 0.222959
11.271271 0.161247
11.291291 0.098897
11.311311 0.036157
11.331331 -0.026727
11.351351 -0.089505
11.371371 -0.151929
11.391391 -0.213752
11.411411 -0.274730
11.431431 -0.334622
11.451451 -0.393190
11.471471 -0.450204
11.491491 -0.505437
11.511512 -0.558671
11.531532 -0.609697
11.551552 -0.658311
11.571572 -0.704322
11.591592 -0.747547
11.611612 -0.787817
11.631632 -0.824971
11.651652 -0.858863
11.671672 -0.889359
11.691692 -0.916338
11.711712 -0.939693
11.731732 -0.959332
11.751752 -0.975177
11.771772 -0.987166
11.791792 -0.995252
11.811812 -0.999402
11.831832 -0.999600
11.851852 -0.995844
11.871872 -0.988151
11.891892 -0.976551
11.911912 -0.961088
11.931932 -0.941825
11.951952 -0.918838
11.971972 -0.892217
11.991992 -0.862068
12.012012 -0.828510
12.032032 -0.791675
12.052052 -0.751710
12.072072 -0.708773
12.092092 -0.663032
12.112112 -0.614670
12.132132 -0.563877
12.152152 -0.510854
12.172172 -0.455811
12.192192 -0.398965
12.212212 -0.340542
12.232232 -0.280772
12.252252 -0.219892
12.272272 -0.158143
12.292292 -0.095767
12.312312 -0.033014
12.332332 0.029871
12.352352 0.092637
12.372372 0.155037
12.392392 0.216823
12.412412 0.277753
12.432432 0.337584
12.452452 0.396080
12.472472 0.453010
12.492492 0.508148
12.512513 0.561277
12.532533 0.612186
12.552553 0.660675
12.572573 0.706551
12.592593 0.749633
12.612613 0.789750
12.632633 0.826745
12.652653 0.860470
12.672673 0.890792
12.692693 0.917592
12.712713 0.940764
12.732733 0.960215
12.752753 0.975869
12.772773 0.987664
12.792793 0.995553
12.812813 0.999506
12.832833 0.999506
12.852853 0.995553
12.872873 0.987664
12.892893 0.975869
12.912913 0.960215
12.932933 0.940764
12.952953 0.917592
12.972973 0.890792
12.992993 0.860470
13.013013 0.826745
13.033033 0.789750
13.053053 0.749633
13.073073 0.706551
13.093093 0.660675
13.113113 0.612186
13.133133 0.561277
13.153153 0.508148
13.173173 0.453010
13.193193 0.396080
13.213213 0.337584
13.233233 0.277753
13.253253 0.216823
13.273273 0.155037
13.293293 0.092637
13.313313 0.029871
13.333333 -0.033014
13.353353 -0.095767
13.373373 -0.158143
13.393393 -0.219892
13.413413 -0.280772
13.433433 -0.340542
13.453453 -0.398965
13.473473 -0.455811
13.493493 -0.510854
13.513514 -0.563877
13.533534 -0.614670
13.553554 -0.663032
13.573574 -0.708773
13.593594 -0.751710
13.613614 -0.791675
13.633634 -0.828510
13.653654 -0.862068
13.673674 -0.892217
13.693694 -0.918838
13.713714 -0.941825
13.733734 -0.961088
13.753754 -0.976551
13.773774 -0.988151
13.793794 -0.995844
13.813814 -0.999600
13.833834 -0.999402
13.853854 -0.995252
13.873874 -0.987166
13.893894 -0.975177
13.913914 -0.959332
13.933934 -0.939693
13.953954 -0.916338
13.973974 -0.889359
13.993994 -0.858863
14.014014 -0.824971
14.034034 -0.787817
14.054054 -0.747547
14.074074 -0.704322
14.094094 -0.658311
14.114114 -0.609697
14.134134 -0.558671
14.154154 -0.505437
14.174174 -0.450204
14.194194 -0.393190
14.214214 -0.334622
14.234234 -0.274730
14.254254 -0.213752
14.274274 -0.151929
14.294294 -0.089505
14.314314 -0.026727
14.334334 0.036157
14.354354 0.098897
14.374374 0.161247
14.394394 0.222959
14.414414 0.283789
14.434434 0.343497
14.454454 0.401847
14.474474 0.458608
14.494494 0.513555
14.514515 0.566471
14.534535 0.617147
14.554555 0.665383
14.574575 0.710987
14.594595 0.753780
14.614615 0.793593
14.634635 0.830267
14.654655 0.863657
14.674675 0.893633
14.694695 0.920074
14.714715 0.942877
14.734735 0.961952
14.754755 0.977223
14.774775 0.988629
14.794795 0.996126
14.814815 0.999684
14.834835 0.999288
14.854855 0.994941
14.874875 0.986659
14.894895 0.974476
14.914915 0.958439
14.934935 0.938612
14.954955 0.915074
14.974975 0.887917
14.994995 0.857248
15.015015 0.823190
15.035035 0.785876
15.055055 0.745455
15.075075 0.702086
15.095095 0.655940
15.115115 0.607201
15.135135 0.556060
15.155155 0.502721
15.175175 0.447394
15.195195 0.390297
15.215215 0.331657
15.235235 0.271705
15.255255 0.210679
15.275275 0.148820
15.295295 0.086373
15.315315 0.023583
15.335335 -0.039299
15.355355 -0.102026
15.375375 -0.164350
15.395395 -0.226023
15.415415 -0.286803
15.435435 -0.346449
15.455455 -0.404725
15.475475 -0.461400
15.495495 -0.516251
15.515516 -0.569060
15.535536 -0.619619
15.555556 -0.667727
15.575576 -0.713195
15.595596 -0.755843
15.615616 -0.795502
15.635636 -0.832015
15.655656 -0.865238
15.675676 -0.895040
15.695696 -0.921302
15.715716 -0.943920
15.735736 -0.962807
15.755756 -0.977885
15.775776 -0.989097
15.795796 -0.996397
15.815816 -0.999758
15.835836 -0.999164
15.855856 -0.994620
15.875876 -0.986142
15.895896 -0.973765
15.915916 -0.957537
15.935936 -0.937523
15.955956 -0.913801
15.975976 -0.886466
15.995996 -0.855625
16.016016 -0.821400
16.036036 -0.783928
16.056056 -0.743355
16.076076 -0.699843
16.096096 -0.653563
16.116116 -0.604699
16.136136 -0.553444
16.156156 -0.500000
16.176176 -0.444579
16.196196 -0.387400
16.216216 -0.328688
16.236236 -0.268678
16.256256 -0.207604
16.276276 -0.145710
16.296296 -0.083239
16.316316 -0.020439
16.336336 0.042441
16.356356 0.105154
16.376376 0.167451
16.396396 0.229086
16.416416 0.289814
16.436436 0.349397
16.456456 0.407598
16.476476 0.464188
16.496496 0.518941
16.516517 0.571643
16.536537 0.622084
16.556557 0.670065
16.576577 0.715396
16.596597 0.757898
16.616617 0.797404
16.636637 0.833756
16.656657 0.866811
16.676677 0.896438
16.696697 0.922520
16.716717 0.944954
16.736737 0.963651
16.756757 0.978538
16.776777 0.989555
16.796797 0.996659
16.816817 0.999822
16.836837 0.999031
16.856857 0.994289
16.876877 0.985616
16.896897 0.973045
16.916917 0.956626
16.936937 0.936424
16.956957 0.912519
16.976977 0.885006
16.996997 0.853993
17.017017 0.819603
17.037037 0.781972
17.057057 0.741248
17.077077 0.697593
17.097097 0.651180
17.117117 0.602192
17.137137 0.550822
17.157157 0.497274
17.177177 0.441760
17.197197 0.384499
17.217217 0.325717
17.237237 0.265647
17.257257 0.204527
17.277277 0.142598
17.297297 0.080105
17.317317 0.017295
17.337337 -0.045583
17.357357 -0.108281
17.377377 -0.170550
17.397397 -0.232146
17.417417 -0.292823
17.437437 -0.352342
17.457457 -0.410468
17.477477 -0.466971
17.497497 -0.521627
17.517518 -0.574220
17.537538 -0.624543
17.557558 -0.672396
17.577578 -0.717590
17.597598 -0.759946
17.617618 -0.799297
17.637638 -0.835488
17.657658 -0.868374
17.677678 -0.897827
17.697698 -0.923729
17.717718 -0.945978
17.737738 -0.964487
17.757758 -0.979181
17.777778 -0.990004
17.797798 -0.996911
17.817818 -0.999876
17.837838 -0.998888
17.857858 -0.993949
17.877878 -0.985080
17.897898 -0.972315
17.917918 -0.955705
17.937938 -0.935316
17.957958 -0.911228
17.977978 -0.883537
17.997998 -0.852352
18.018018 -0.817797
18.038038 -0.780007
18.058058 -0.739134
18.078078 -0.695337
18.098098 -0.648790
18.118118 -0.599678
18.138138 -0.548195
18.158158 -0.494543
18.178178 -0.438936
18.198198 -0.381594
18.218218 -0.322742
18.238238 -0.262614
18.258258 -0.201448
18.278278 -0.139485
18.298298 -0.076970
18.318318 -0.014151
18.338338 0.048724
18.358358 0.111406
18.378378 0.173648
18.398398 0.235203
18.418418 0.295828
18.438438 0.355283
18.458458 0.413334
18.478478 0.469749
18.498498 0.524307
18.518519 0.576792
18.538539 0.626996
18.558559 0.674720
18.578579 0.719777
18.598599 0.761987
18.618619 0.801183
18.638639 0.837212
18.658659 0.869930
18.678679 0.899207
18.698699 0.924929
18.718719 0.946993
18.738739 0.965313
18.758759 0.979815
18.778779 0.990442
18.798799 0.997153
18.818819 0.999921
18.838839 0.998734
18.858859 0.993599
18.878879 0.984533
18.898899 0.971575
18.918919 0.954775
18.938939 0.934199
18.958959 0.909929
18.978979 0.882060
18.998999 0.850704
19.019019 0.815983
19.039039 0.778036
19.059059 0.737012
19.079079 0.693073
19.099099 0.646394
19.119119 0.597159
19.139139 0.545562
19.159159 0.491808
19.179179 0.436109
19.199199 0.378685
19.219219 0.319764
19.239239 0.259578
19.259259 0.198366
19.279279 0.136370
19.299299 0.073834
19.319319 0.011006
19.339339 -0.051865
19.359359 -0.114531
19.379379 -0.176744
19.399399 -0.238259
19.419419 -0.298831
19.439439 -0.358221
19.459459 -0.416195
19.479479 -0.472523
19.499499 -0.526983
19.519520 -0.579358
19.539540 -0.629443
19.559560 -0.677038
19.579580 -0.721956
19.599600 -0.764019
19.619620 -0.803061
19.639640 -0.838927
19.659660 -0.871476
19.679680 -0.900579
19.699700 -0.926120
19.719720 -0.947999
19.739740 -0.966129
19.759760 -0.980439
19.779780 -0.990871
19.799800 -0.997385
19.819820 -0.999955
19.839840 -0.998571
19.859860 -0.993238
19.879880 -0.983978
19.899900 -0.970826
19.919920 -0.953835
19.939940 -0.933072
19.959960 -0.908620
19.979980 -0.880574
20.000000 -0.849046
