0.000000 0.576792
0.020020 0.524307
0.040040 0.469749
0.060060 0.413334
0.080080 0.355283
0.100100 0.295828
0.120120 0.235203
0.140140 0.173648
0.160160 0.111406
0.180180 0.048724
0.200200 -0.014151
0.220220 -0.076970
0.240240 -0.139485
0.260260 -0.201448
0.280280 -0.262614
0.300300 -0.322742
0.320320 -0.381594
0.340340 -0.438936
0.360360 -0.494543
0.380380 -0.548195
0.400400 -0.599678
0.420420 -0.648790
0.440440 -0.695337
0.460460 -0.739134
0.480480 -0.780007
0.500501 -0.817797
0.520521 -0.852352
0.540541 -0.883537
0.560561 -0.911228
0.580581 -0.935316
0.600601 -0.955705
0.620621 -0.972315
0.640641 -0.985080
0.660661 -0.993949
0.680681 -0.998888
0.700701 -0.999876
0.720721 -0.996911
0.740741 -0.990004
0.760761 -0.979181
0.780781 -0.964487
0.800801 -0.945978
0.820821 -0.923729
0.840841 -0.897827
0.860861 -0.868374
0.880881 -0.835488
0.900901 -0.799297
0.920921 -0.759946
0.940941 -0.717590
0.960961 -0.672396
0.980981 -0.624543
1.001001 -0.574220
1.021021 -0.521627
1.041041 -0.466971
1.061061 -0.410468
1.081081 -0.352342
1.101101 -0.292823
1.121121 -0.232146
1.141141 -0.170550
1.161161 -0.108281
1.181181 -0.045583
1.201201 0.017295
1.221221 0.080105
1.241241 0.142598
1.261261 0.204527
1.281281 0.265647
1.301301 0.325717
1.321321 0.384499
1.341341 0.441760
1.361361 0.497274
1.381381 0.550822
1.401401 0.602192
1.421421 0.651180
1.441441 0.697593
1.461461 0.741248
1.481481 0.781972
1.501502 0.819603
1.521522 0.853993
1.541542 0.885006
1.561562 0.912519
1.581582 0.936424
1.601602 0.956626
1.621622 0.973045
1.641642 0.985616
1.661662 0.994289
1.681682 0.999031
1.701702 0.999822
1.721722 0.996659
1.741742 0.989555
1.761762 0.978538
1.781782 0.963651
1.801802 0.944954
1.821822 0.922520
1.841842 0.896438
1.861862 0.866811
1.881882 0.833756
1.901902 0.797404
1.921922 0.757898
1.941942 0.715396
1.961962 0.670065
1.981982 0.622084
2.002002 0.571643
2.022022 0.518941
2.042042 0.464188
2.062062 0.407598
2.082082 0.349397
2.102102 0.289814
2.122122 0.229086
2.142142 0.167451
2.162162 0.105154
2.182182 0.042441
2.202202 -0.020439
2.222222 -0.083239
2.242242 -0.145710
2.262262 -0.207604
2.282282 -0.268678
2.302302 -0.328688
2.322322 -0.387400
2.342342 -0.444579
2.362362 -0.500000
2.382382 -0.553444
2.402402 -0.604699
2.422422 -0.653563
2.442442 -0.699843
2.462462 -0.743355
2.482482 -0.783928
2.502503 -0.821400
2.522523 -0.855625
2.542543 -0.886466
2.562563 -0.913801
2.582583 -0.937523
2.602603 -0.957537
2.622623 -0.973765
2.642643 -0.986142
2.662663 -0.994620
2.682683 -0.999164
2.702703 -0.999758
2.722723 -0.996397
2.742743 -0.989097
2.762763 -0.977885
2.782783 -0.962807
2.802803 -0.943920
2.822823 -0.921302
2.842843 -0.895040
2.862863 -0.865238
2.882883 -0.832015
2.902903 -0.795502
2.922923 -0.755843
2.942943 -0.713195
2.962963 -0.667727
2.982983 -0.619619
3.003003 -0.569060
3.023023 -0.516251
3.043043 -0.461400
3.063063 -0.404725
3.083083 -0.346449
3.103103 -0.286803
3.123123 -0.226023
3.143143 -0.164350
3.163163 -0.102026
3.183183 -0.039299
3.203203 0.023583
3.223223 0.086373
3.243243 0.148820
3.263263 0.210679
3.283283 0.271705
3.303303 0.331657
3.323323 0.390297
3.343343 0.447394
3.363363 0.502721
3.383383 0.556060
3.403403 0.607201
3.423423 0.655940
3.443443 0.702086
3.463463 0.745455
3.483483 0.785876
3.503504 0.823190
3.523524 0.857248
3.543544 0.887917
3.563564 0.915074
3.583584 0.938612
3.603604 0.958439
3.623624 0.974476
3.643644 0.986659
3.663664 0.994941
3.683684 0.999288
3.703704 0.999684
3.723724 0.996126
3.743744 0.988629
3.763764 0.977223
3.783784 0.961952
3.803804 0.942877
3.823824 0.920074
3.843844 0.893633
3.863864 0.863657
3.883884 0.830267
3.903904 0.793593
3.923924 0.753780
3.943944 0.710987
3.963964 0.665383
3.983984 0.617147
4.004004 0.566471
4.024024 0.513555
4.044044 0.458608
4.064064 0.401847
4.084084 0.343497
4.104104 0.283789
4.124124 0.222959
4.144144 0.161247
4.164164 0.098897
4.184184 0.036157
4.204204 -0.026727
4.224224 -0.089505
4.244244 -0.151929
4.264264 -0.213752
4.284284 -0.274730
4.304304 -0.334622
4.324324 -0.393190
4.344344 -0.450204
4.364364 -0.505437
4.384384 -0.558671
4.404404 -0.609697
4.424424 -0.658311
4.444444 -0.704322
4.464464 -0.747547
4.484484 -0.787817
4.504505 -0.824971
4.524525 -0.858863
4.544545 -0.889359
4.564565 -0.916338
4.584585 -0.939693
4.604605 -0.959332
4.624625 -0.975177
4.644645 -0.987166
4.664665 -0.995252
4.684685 -0.999402
4.704705 -0.999600
4.724725 -0.995844
4.744745 -0.988151
4.764765 -0.976551
4.784785 -0.961088
4.804805 -0.941825
4.824825 -0.918838
4.844845 -0.892217
4.864865 -0.862068
4.884885 -0.828510
4.904905 -0.791675
4.924925 -0.751710
4.944945 -0.708773
4.964965 -0.663032
4.984985 -0.614670
5.005005 -0.563877
5.025025 -0.510854
5.045045 -0.455811
5.065065 -0.398965
5.085085 -0.340542
5.105105 -0.280772
5.125125 -0.219892
5.145145 -0.158143
5.165165 -0.095767
5.185185 -0.033014
5.205205 0.029871
5.225225 0.092637
5.245245 0.155037
5.265265 0.216823
5.285285 0.277753
5.305305 0.337584
5.325325 0.396080
5.345345 0.453010
5.365365 0.508148
5.385385 0.561277
5.405405 0.612186
5.425425 0.660675
5.445445 0.706551
5.465465 0.749633
5.485485 0.789750
5.505506 0.826745
5.525526 0.860470
5.545546 0.890792
5.565566 0.917592
5.585586 0.940764
5.605606 0.960215
5.625626 0.975869
5.645646 0.987664
5.665666 0.995553
5.685686 0.999506
5.705706 0.999506
5.725726 0.995553
5.745746 0.987664
5.765766 0.975869
5.785786 0.960215
5.805806 0.940764
5.825826 0.917592
5.845846 0.890792
5.865866 0.860470
5.885886 0.826745
5.905906 0.789750
5.925926 0.749633
5.945946 0.706551
5.965966 0.660675
5.985986 0.612186
6.006006 0.561277
6.026026 0.508148
6.046046 0.453010
6.066066 0.396080
6.086086 0.337584
6.106106 0.277753
6.126126 0.216823
6.146146 0.155037
6.166166 0.092637
6.186186 0.029871
6.206206 -0.033014
6.226226 -0.095767
6.246246 -0.158143
6.266266 -0.219892
6.286286 -0.280772
6.306306 -0.340542
6.326326 -0.398965
6.346346 -0.455811
6.366366 -0.510854
6.386386 -0.563877
6.406406 -0.614670
6.426426 -0.663032
6.446446 -0.708773
6.466466 -0.751710
6.486486 -0.791675
6.506507 -0.828510
6.526527 -0.862068
6.546547 -0.892217
6.566567 -0.918838
6.586587 -0.941825
6.606607 -0.961088
6.626627 -0.976551
6.646647 -0.988151
6.666667 -0.995844
6.686687 -0.999600
6.706707 -0.999402
6.726727 -0.995252
6.746747 -0.987166
6.766767 -0.975177
6.786787 -0.959332
6.806807 -0.939693
6.826827 -0.916338
6.846847 -0.889359
6.866867 -0.858863
6.886887 -0.824971
6.906907 -0.787817
6.926927 -0.747547
6.946947 -0.704322
6.966967 -0.658311
6.986987 -0.609697
7.007007 -0.558671
7.027027 -0.505437
7.047047 -0.450204
7.067067 -0.393190
7.087087 -0.334622
7.107107 -0.274730
7.127127 -0.213752
7.147147 -0.151929
7.167167 -0.089505
7.187187 -0.026727
7.207207 0.036157
7.227227 0.098897
7.247247 0.161247
7.267267 0.222959
7.287287 0.283789
7.307307 0.343497
7.327327 0.401847
7.347347 0.458608
7.367367 0.513555
7.387387 0.566471
7.407407 0.617147
7.427427 0.665383
7.447447 0.710987
7.467467 0.753780
7.487487 0.793593
7.507508 0.830267
7.527528 0.863657
7.547548 0.893633
7.567568 0.920074
7.587588 0.942877
7.607608 0.961952
7.627628 0.977223
7.647648 0.988629
7.667668 0.996126
7.687688 0.999684
7.707708 0.999288
7.727728 0.994941
7.747748 0.986659
7.767768 0.974476
7.787788 0.958439
7.807808 0.938612
7.827828 0.915074
7.847848 0.887917
7.867868 0.857248
7.887888 0.823190
7.907908 0.785876
7.927928 0.745455
7.947948 0.702086
7.967968 0.655940
7.987988 0.607201
8.008008 0.556060
8.028028 0.502721
8.048048 0.447394
8.068068 0.390297
8.088088 0.331657
8.108108 0.271705
8.128128 0.210679
8.148148 0.148820
8.168168 0.086373
8.188188 0.023583
8.208208 -0.039299
8.228228 -0.102026
8.248248 -0.164350
8.268268 -0.226023
8.288288 -0.286803
8.308308 -0.346449
8.328328 -0.404725
8.348348 -0.461400
8.368368 -0.516251
8.388388 -0.569060
8.408408 -0.619619
8.428428 -0.667727
8.448448 -0.713195
8.468468 -0.755843
8.488488 -0.795502
8.508509 -0.832015
8.528529 -0.865238
8.548549 -0.895040
8.568569 -0.921302
8.588589 -0.943920
8.608609 -0.962807
8.628629 -0.977885
8.648649 -0.989097
8.668669 -0.996397
8.688689 -0.999758
8.708709 -0.999164
8.728729 -0.994620
8.748749 -0.986142
8.768769 -0.973765
8.788789 -0.957537
8.808809 -0.937523
8.828829 -0.913801
8.848849 -0.886466
8.868869 -0.855625
8.888889 -0.821400
8.908909 -0.783928
8.928929 -0.743355
8.948949 -0.699843
8.968969 -0.653563
8.988989 -0.604699
9.009009 -0.553444
9.029029 -0.500000
9.049049 -0.444579
9.069069 -0.387400
9.089089 -0.328688
9.109109 -0.268678
9.129129 -0.207604
9.149149 -0.145710
9.169169 -0.083239
9.189189 -0.020439
9.209209 0.042441
9.229229 0.105154
9.249249 0.167451
9.269269 0.229086
9.289289 0.289814
9.309309 0.349397
9.329329 0.407598
9.349349 0.464188
9.369369 0.518941
9.389389 0.571643
9.409409 0.622084
9.429429 0.670065
9.449449 0.715396
9.469469 0.757898
9.489489 0.797404
9.509510 0.833756
9.529530 0.866811
9.549550 0.896438
9.569570 0.922520
9.589590 0.944954
9.609610 0.963651
9.629630 0.978538
9.649650 0.989555
9.669670 0.996659
9.689690 0.999822
9.709710 0.999031
9.729730 0.994289
9.749750 0.985616
9.769770 0.973045
9.789790 0.956626
9.809810 0.936424
9.829830 0.912519
9.849850 0.885006
9.869870 0.853993
9.889890 0.819603
9.909910 0.781972
9.929930 0.741248
9.949950 0.697593
9.969970 0.651180
9.989990 0.602192
10.010010 0.550822
10.030030 0.497274
10.050050 0.441760
10.070070 0.384499
10.090090 0.325717
10.110110 0.265647
10.130130 0.204527
10.150150 0.142598
10.170170 0.080105
10.190190 0.017295
10.210210 -0.045583
10.230230 -0.108281
10.250250 -0.170550
10.270270 -0.232146
10.290290 -0.292823
10.310310 -0.352342
10.330330 -0.410468
10.350350 -0.466971
10.370370 -0.521627
10.390390 -0.574220
10.410410 -0.624543
10.430430 -0.672396
10.450450 -0.717590
10.470470 -0.759946
10.490490 -0.799297
10.510511 -0.835488
10.530531 -0.868374
10.550551 -0.897827
10.570571 -0.923729
10.590591 -0.945978
10.610611 -0.964487
10.630631 -0.979181
10.650651 -0.990004
10.670671 -0.996911
10.690691 -0.999876
10.710711 -0.998888
10.730731 -0.993949
10.750751 -0.985080
10.770771 -0.972315
10.790791 -0.955705
10.810811 -0.935316
10.830831 -0.911228
10.850851 -0.883537
10.870871 -0.852352
10.890891 -0.817797
10.910911 -0.780007
10.930931 -0.739134
10.950951 -0.695337
10.970971 -0.648790
10.990991 -0.599678
11.011011 -0.548195
11.031031 -0.494543
11.051051 -0.438936
11.071071 -0.381594
11.091091 -0.322742
11.111111 -0.262614
11.131131 -0.201448
11.151151 -0.139485
11.171171 -0.076970
11.191191 -0.014151
11.211211 0.048724
11.231231 0.111406
11.251251 0.173648
11.271271 0.235203
11.291291 0.295828
11.311311 0.355283
11.331331 0.413334
11.351351 0.469749
11.371371 0.524307
11.391391 0.576792
11.411411 0.626996
11.431431 0.674720
11.451451 0.719777
11.471471 0.761987
11.491491 0.801183
11.511512 0.837212
11.531532 0.869930
11.551552 0.899207
11.571572 0.924929
11.591592 0.946993
11.611612 0.965313
11.631632 0.979815
11.651652 0.990442
11.671672 0.997153
11.691692 0.999921
11.711712 0.998734
11.731732 0.993599
11.751752 0.984533
11.771772 0.971575
11.791792 0.954775
11.811812 0.934199
11.831832 0.909929
11.851852 0.882060
11.871872 0.850704
11.891892 0.815983
11.911912 0.778036
11.931932 0.737012
11.951952 0.693073
11.971972 0.646394
11.991992 0.597159
12.012012 0.545562
12.032032 0.491808
12.052052 0.436109
12.072072 0.378685
12.092092 0.319764
12.112112 0.259578
12.132132 0.198366
12.152152 0.136370
12.172172 0.073834
12.192192 0.011006
12.212212 -0.051865
12.232232 -0.114531
12.252252 -0.176744
12.272272 -0.238259
12.292292 -0.298831
12.312312 -0.358221
12.332332 -0.416195
12.352352 -0.472523
12.372372 -0.526983
12.392392 -0.579358
12.412412 -0.629443
12.432432 -0.677038
12.452452 -0.721956
12.472472 -0.764019
12.492492 -0.803061
12.512513 -0.838927
12.532533 -0.871476
12.552553 -0.900579
12.572573 -0.926120
12.592593 -0.947999
12.612613 -0.966129
12.632633 -0.980439
12.652653 -0.990871
12.672673 -0.997385
12.692693 -0.999955
12.712713 -0.998571
12.732733 -0.993238
12.752753 -0.983978
12.772773 -0.970826
12.792793 -0.953835
12.812813 -0.933072
12.832833 -0.908620
12.852853 -0.880574
12.872873 -0.849046
12.892893 -0.814161
12.912913 -0.776056
12.932933 -0.734883
12.952953 -0.690803
12.972973 -0.643991
12.992993 -0.594633
13.013013 -0.542924
13.033033 -0.489067
13.053053 -0.433277
13.073073 -0.375773
13.093093 -0.316783
13.113113 -0.256540
13.133133 -0.195283
13.153153 -0.133254
13.173173 -0.070698
13.193193 -0.007862
13.213213 0.055005
13.233233 0.117655
13.253253 0.179839
13.273273 0.241312
13.293293 0.301830
13.313313 0.361155
13.333333 0.419052
13.353353 0.475292
13.373373 0.529653
13.393393 0.581918
13.413413 0.631883
13.433433 0.679349
13.453453 0.724128
13.473473 0.766044
13.493493 0.804931
13.513514 0.840635
13.533534 0.873014
13.553554 0.901941
13.573574 0.927302
13.593594 0.948995
13.613614 0.966936
13.633634 0.981053
13.653654 0.991290
13.673674 0.997608
13.693694 0.999980
13.713714 0.998398
13.733734 0.992868
13.753754 0.983412
13.773774 0.970067
13.793794 0.952886
13.813814 0.931937
13.833834 0.907302
13.853854 0.879080
13.873874 0.847381
13.893894 0.812331
13.913914 0.774069
13.933934 0.732746
13.953954 0.688526
13.973974 0.641582
13.993994 0.592102
14.014014 0.540280
14.034034 0.486322
14.054054 0.430440
14.074074 0.372856
14.094094 0.313798
14.114114 0.253499
14.134134 0.192198
14.154154 0.130136
14.174174 0.067560
14.194194 0.004717
14.214214 -0.058145
14.234234 -0.120777
14.254254 -0.182931
14.274274 -0.244362
14.294294 -0.304827
14.314314 -0.364086
14.334334 -0.421906
14.354354 -0.478057
14.374374 -0.532317
14.394394 -0.584473
14.414414 -0.634317
14.434434 -0.681653
14.454454 -0.726294
14.474474 -0.768062
14.494494 -0.806793
14.514515 -0.842334
14.534535 -0.874543
14.554555 -0.903295
14.574575 -0.928474
14.594595 -0.949982
14.614615 -0.967733
14.634635 -0.981657
14.654655 -0.991699
14.674675 -0.997820
14.694695 -0.999995
14.714715 -0.998215
14.734735 -0.992489
14.754755 -0.982837
14.774775 -0.969299
14.794795 -0.951927
14.814815 -0.930792
14.834835 -0.905975
14.854855 -0.877576
14.874875 -0.845707
14.894895 -0.810493
14.914915 -0.772074
14.934935 -0.730603
14.954955 -0.686242
14.974975 -0.639167
14.994995 -0.589565
15.015015 -0.537631
15.035035 -0.483571
15.055055 -0.427600
15.075075 -0.369937
15.095095 -0.310811
15.115115 -0.250456
15.135135 -0.189111
15.155155 -0.127018
15.175175 -0.064422
15.195195 -0.001572
15.215215 0.061284
15.235235 0.123898
15.255255 0.186022
15.275275 0.247410
15.295295 0.307820
15.315315 0.367013
15.335335 0.424755
15.355355 0.480816
15.375375 0.534977
15.395395 0.587022
15.415415 0.636745
15.435435 0.683951
15.455455 0.728452
15.475475 0.770072
15.495495 0.808647
15.515516 0.844024
15.535536 0.876064
15.555556 0.904640
15.575576 0.929638
15.595596 0.950959
15.615616 0.968521
15.635636 0.982252
15.655656 0.992099
15.675676 0.998023
15.695696 1.000000
15.715716 0.998023
15.735736 0.992099
15.755756 0.982252
15.775776 0.968521
15.795796 0.950959
15.815816 0.929638
15.835836 0.904640
15.855856 0.876064
15.875876 0.844024
15.895896 0.808647
15.915916 0.770072
15.935936 0.728452
15.955956 0.683951
15.975976 0.636745
15.995996 0.587022
16.016016 0.534977
16.036036 0.480816
16.056056 0.424755
16.076076 0.367013
16.096096 0.307820
16.116116 0.247410
16.136136 0.186022
16.156156 0.123898
16.176176 0.061284
16.196196 -0.001572
16.216216 -0.064422
16.236236 -0.127018
16.256256 -0.189111
16.276276 -0.250456
16.296296 -0.310811
16.316316 -0.369937
16.336336 -0.427600
16.356356 -0.483571
16.376376 -0.537631
16.396396 -0.589565
16.416416 -0.639167
16.436436 -0.686242
16.456456 -0.730603
16.476476 -0.772074
16.496496 -0.810493
16.516517 -0.845707
16.536537 -0.877576
16.556557 -0.905975
16.576577 -0.930792
16.596597 -0.951927
16.616617 -0.969299
16.636637 -0.982837
16.656657 -0.992489
16.676677 -0.998215
16.696697 -0.999995
16.716717 -0.997820
16.736737 -0.991699
16.756757 -0.981657
16.776777 -0.967733
16.796797 -0.949982
16.816817 -0.928474
16.836837 -0.903295
16.856857 -0.874543
16.876877 -0.842334
16.896897 -0.806793
16.916917 -0.768062
16.936937 -0.726294
16.956957 -0.681653
16.976977 -0.634317
16.996997 -0.584473
17.017017 -0.532317
17.037037 -0.478057
17.057057 -0.421906
17.077077 -0.364086
17.097097 -0.304827
17.117117 -0.244362
17.137137 -0.182931
17.157157 -0.120777
17.177177 -0.058145
17.197197 0.004717
17.217217 0.067560
17.237237 0.130136
17.257257 0.192198
17.277277 0.253499
17.297297 0.313798
17.317317 0.372856
17.337337 0.430440
17.357357 0.486322
17.377377 0.540280
17.397397 0.592102
17.417417 0.641582
17.437437 0.688526
17.457457 0.732746
17.477477 0.774069
17.497497 0.812331
17.517518 0.847381
17.537538 0.879080
17.557558 0.907302
17.577578 0.931937
17.597598 0.952886
17.617618 0.970067
17.637638 0.983412
17.657658 0.992868
17.677678 0.998398
17.697698 0.999980
17.717718 0.997608
17.737738 0.991290
17.757758 0.981053
17.777778 0.966936
17.797798 0.948995
17.817818 0.927302
17.837838 0.901941
17.857858 0.873014
17.877878 0.840635
17.897898 0.804931
17.917918 0.766044
17.937938 0.724128
17.957958 0.679349
17.977978 0.631883
17.997998 0.581918
18.018018 0.529653
18.038038 0.475292
18.058058 0.419052
18.078078 0.361155
18.098098 0.301830
18.118118 0.241312
18.138138 0.179839
18.158158 0.117655
18.178178 0.055005
18.198198 -0.007862
18.218218 -0.070698
18.238238 -0.133254
18.258258 -0.195283
18.278278 -0.256540
18.298298 -0.316783
18.318318 -0.375773
18.338338 -0.433277
18.358358 -0.489067
18.378378 -0.542924
18.398398 -0.594633
18.418418 -0.643991
18.438438 -0.690803
18.458458 -0.734883
18.478478 -0.776056
18.498498 -0.814161
18.518519 -0.849046
18.538539 -0.880574
18.558559 -0.908620
18.578579 -0.933072
18.598599 -0.953835
18.618619 -0.970826
18.638639 -0.983978
18.658659 -0.993238
18.678679 -0.998571
18.698699 -0.999955
18.718719 -0.997385
18.738739 -0.990871
18.758759 -0.980439
18.778779 -0.966129
18.798799 -0.947999
18.818819 -0.926120
18.838839 -0.900579
18.858859 -0.871476
18.878879 -0.838927
18.898899 -0.803061
18.918919 -0.764019
18.938939 -0.721956
18.958959 -0.677038
18.978979 -0.629443
18.998999 -0.579358
19.019019 -0.526983
19.039039 -0.472523
19.059059 -0.416195
19.079079 -0.358221
19.099099 -0.298831
19.119119 -0.238259
19.139139 -0.176744
19.159159 -0.114531
19.179179 -0.051865
19.199199 0.011006
19.219219 0.073834
19.239239 0.136370
19.259259 0.198366
19.279279 0.259578
19.299299 0.319764
19.319319 0.378685
19.339339 0.436109
19.359359 0.491808
19.379379 0.545562
19.399399 0.597159
19.419419 0.646394
19.439439 0.693073
19.459459 0.737012
19.479479 0.778036
19.499499 0.815983
19.519520 0.850704
19.539540 0.882060
19.559560 0.909929
19.579580 0.934199
19.599600 0.954775
19.619620 0.971575
19.639640 0.984533
19.659660 0.993599
19.679680 0.998734
19.699700 0.999921
19.719720 0.997153
19.739740 0.990442
19.759760 0.979815
19.779780 0.965313
19.799800 0.946993
19.819820 0.924929
19.839840 0.899207
19.859860 0.869930
19.879880 0.837212
19.899900 0.801183
19.919920 0.761987
19.939940 0.719777
19.959960 0.674720
19.979980 0.626996
20.000000 0.576792
