0.000000 0.805270
0.202020 0.296920
0.404040 -0.327068
0.606061 -0.823677
0.808081 -0.999497
1.010101 -0.786053
1.212121 -0.266474
1.414141 0.356886
1.616162 0.841254
1.818182 0.997987
2.020202 0.766044
2.222222 0.235759
2.424242 -0.386345
2.626263 -0.857983
2.828283 -0.995472
3.030303 -0.745264
3.232323 -0.204807
3.434343 0.415415
3.636364 0.873849
3.838384 0.991955
4.040404 0.723734
4.242424 0.173648
4.444444 -0.444067
4.646465 -0.888835
4.848485 -0.987439
5.050505 -0.701475
5.252525 -0.142315
5.454545 0.472271
5.656566 0.902927
5.858586 0.981929
6.060606 0.678509
6.262626 0.110838
6.464646 -0.500000
6.666667 -0.916108
6.868687 -0.975430
7.070707 -0.654861
7.272727 -0.079250
7.474747 0.527225
7.676768 0.928368
7.878788 0.967949
8.080808 0.630553
8.282828 0.047582
8.484848 -0.553920
8.686869 -0.939693
8.888889 -0.959493
9.090909 -0.605610
9.292929 -0.015866
9.494949 0.580057
9.696970 0.950071
9.898990 0.950071
10.101010 0.580057
10.303030 -0.015866
10.505051 -0.605610
10.707071 -0.959493
10.909091 -0.939693
11.111111 -0.553920
11.313131 0.047582
11.515152 0.630553
11.717172 0.967949
11.919192 0.928368
12.121212 0.527225
12.323232 -0.079250
12.525253 -0.654861
12.727273 -0.975430
12.929293 -0.916108
13.131313 -0.500000
13.333333 0.110838
13.535354 0.678509
13.737374 0.981929
13.939394 0.902927
14.141414 0.472271
14.343434 -0.142315
14.545455 -0.701475
14.747475 -0.987439
14.949495 -0.888835
15.151515 -0.444067
15.353535 0.173648
15.555556 0.723734
15.757576 0.991955
15.959596 0.873849
16.161616 0.415415
16.363636 -0.204807
16.565657 -0.745264
16.767677 -0.995472
16.969697 -0.857983
17.171717 -0.386345
17.373737 0.235759
17.575758 0.766044
17.777778 0.997987
17.979798 0.841254
18.181818 0.356886
18.383838 -0.266474
18.585859 -0.786053
18.787879 -0.999497
18.989899 -0.823677
19.191919 -0.327068
19.393939 0.296920
19.595960 0.805270
19.797980 1.000000
20.000000 0.805270
