0.000000 1.000000
0.202020 0.805270
0.404040 0.296920
0.606061 -0.327068
0.808081 -0.823677
1.010101 -0.999497
1.212121 -0.786053
1.414141 -0.266474
1.616162 0.356886
1.818182 0.841254
2.020202 0.997987
2.222222 0.766044
2.424242 0.235759
2.626263 -0.386345
2.828283 -0.857983
3.030303 -0.995472
3.232323 -0.745264
3.434343 -0.204807
3.636364 0.415415
3.838384 0.873849
4.040404 0.991955
4.242424 0.723734
4.444444 0.173648
4.646465 -0.444067
4.848485 -0.888835
5.050505 -0.987439
5.252525 -0.701475
5.454545 -0.142315
5.656566 0.472271
5.858586 0.902927
6.060606 0.981929
6.262626 0.678509
6.464646 0.110838
6.666667 -0.500000
6.868687 -0.916108
7.070707 -0.975430
7.272727 -0.654861
7.474747 -0.079250
7.676768 0.527225
7.878788 0.928368
8.080808 0.967949
8.282828 0.630553
8.484848 0.047582
8.686869 -0.553920
8.888889 -0.939693
9.090909 -0.959493
9.292929 -0.605610
9.494949 -0.015866
9.696970 0.580057
9.898990 0.950071
10.101010 0.950071
10.303030 0.580057
10.505051 -0.015866
10.707071 -0.605610
10.909091 -0.959493
11.111111 -0.939693
11.313131 -0.553920
11.515152 0.047582
11.717172 0.630553
11.919192 0.967949
12.121212 0.928368
12.323232 0.527225
12.525253 -0.079250
12.727273 -0.654861
12.929293 -0.975430
13.131313 -0.916108
13.333333 -0.500000
13.535354 0.110838
13.737374 0.678509
13.939394 0.981929
14.141414 0.902927
14.343434 0.472271
14.545455 -0.142315
14.747475 -0.701475
14.949495 -0.987439
15.151515 -0.888835
15.353535 -0.444067
15.555556 0.173648
15.757576 0.723734
15.959596 0.991955
16.161616 0.873849
16.363636 0.415415
16.565657 -0.204807
16.767677 -0.745264
16.969697 -0.995472
17.171717 -0.857983
17.373737 -0.386345
17.575758 0.235759
17.777778 0.766044
17.979798 0.997987
18.181818 0.841254
18.383838 0.356886
18.585859 -0.266474
18.787879 -0.786053
18.989899 -0.999497
19.191919 -0.823677
19.393939 -0.327068
19.595960 0.296920
19.797980 0.805270
20.000000 1.000000
