0.000000 0.580057
0.202020 -0.015866
0.404040 -0.605610
0.606061 -0.959493
0.808081 -0.939693
1.010101 -0.553920
1.212121 0.047582
1.414141 0.630553
1.616162 0.967949
1.818182 0.928368
2.020202 0.527225
2.222222 -0.079250
2.424242 -0.654861
2.626263 -0.975430
2.828283 -0.916108
3.030303 -0.500000
3.232323 0.110838
3.434343 0.678509
3.636364 0.981929
3.838384 0.902927
4.040404 0.472271
4.242424 -0.142315
4.444444 -0.701475
4.646465 -0.987439
4.848485 -0.888835
5.050505 -0.444067
5.252525 0.173648
5.454545 0.723734
5.656566 0.991955
5.858586 0.873849
6.060606 0.415415
6.262626 -0.204807
6.464646 -0.745264
6.666667 -0.995472
6.868687 -0.857983
7.070707 -0.386345
7.272727 0.235759
7.474747 0.766044
7.676768 0.997987
7.878788 0.841254
8.080808 0.356886
8.282828 -0.266474
8.484848 -0.786053
8.686869 -0.999497
8.888889 -0.823677
9.090909 -0.327068
9.292929 0.296920
9.494949 0.805270
9.696970 1.000000
9.898990 0.805270
10.101010 0.296920
10.303030 -0.327068
10.505051 -0.823677
10.707071 -0.999497
10.909091 -0.786053
11.111111 -0.266474
11.313131 0.356886
11.515152 0.841254
11.717172 0.997987
11.919192 0.766044
12.121212 0.235759
12.323232 -0.386345
12.525253 -0.857983
12.727273 -0.995472
12.929293 -0.745264
13.131313 -0.204807
13.333333 0.415415
13.535354 0.873849
13.737374 0.991955
13.939394 0.723734
14.141414 0.173648
14.343434 -0.444067
14.545455 -0.888835
14.747475 -0.987439
14.949495 -0.701475
15.151515 -0.142315
15.353535 0.472271
15.555556 0.902927
15.757576 0.981929
15.959596 0.678509
16.161616 0.110838
16.363636 -0.500000
16.565657 -0.916108
16.767677 -0.975430
16.969697 -0.654861
17.171717 -0.079250
17.373737 0.527225
17.575758 0.928368
17.777778 0.967949
17.979798 0.630553
18.181818 0.047582
18.383838 -0.553920
18.585859 -0.939693
18.787879 -0.959493
18.989899 -0.605610
19.191919 -0.015866
19.393939 0.580057
19.595960 0.950071
19.797980 0.950071
20.000000 0.580057
