0.000000 0.999921
0.004001 1.000000
0.008002 0.999921
0.012002 0.999684
0.016003 0.999289
0.020004 0.998736
0.024005 0.998026
0.028006 0.997158
0.032006 0.996132
0.036007 0.994949
0.040008 0.993609
0.044009 0.992112
0.048010 0.990458
0.052010 0.988647
0.056011 0.986681
0.060012 0.984558
0.064013 0.982280
0.068014 0.979847
0.072014 0.977259
0.076015 0.974517
0.080016 0.971620
0.084017 0.968571
0.088018 0.965368
0.092018 0.962013
0.096019 0.958505
0.100020 0.954847
0.104021 0.951037
0.108022 0.947077
0.112022 0.942968
0.116023 0.938710
0.120024 0.934303
0.124025 0.929749
0.128026 0.925048
0.132026 0.920200
0.136027 0.915208
0.140028 0.910071
0.144029 0.904790
0.148030 0.899366
0.152030 0.893800
0.156031 0.888093
0.160032 0.882245
0.164033 0.876258
0.168034 0.870133
0.172034 0.863870
0.176035 0.857471
0.180036 0.850936
0.184037 0.844267
0.188038 0.837465
0.192038 0.830530
0.196039 0.823464
0.200040 0.816268
0.204041 0.808943
0.208042 0.801490
0.212042 0.793911
0.216043 0.786206
0.220044 0.778377
0.224045 0.770425
0.228046 0.762351
0.232046 0.754157
0.236047 0.745844
0.240048 0.737413
0.244049 0.728865
0.248050 0.720203
0.252050 0.711426
0.256051 0.702537
0.260052 0.693537
0.264053 0.684428
0.268054 0.675210
0.272054 0.665886
0.276055 0.656457
0.280056 0.646924
0.284057 0.637288
0.288058 0.627552
0.292058 0.617717
0.296059 0.607785
0.300060 0.597756
0.304061 0.587633
0.308062 0.577417
0.312062 0.567110
0.316063 0.556713
0.320064 0.546228
0.324065 0.535657
0.328066 0.525001
0.332066 0.514263
0.336067 0.503443
0.340068 0.492544
0.344069 0.481566
0.348070 0.470513
0.352070 0.459386
0.356071 0.448185
0.360072 0.436915
0.364073 0.425575
0.368074 0.414167
0.372074 0.402695
0.376075 0.391159
0.380076 0.379560
0.384077 0.367903
0.388078 0.356186
0.392078 0.344414
0.396079 0.332587
0.400080 0.320708
0.404081 0.308778
0.408082 0.296799
0.412082 0.284773
0.416083 0.272703
0.420084 0.260589
0.424085 0.248434
0.428086 0.236240
0.432086 0.224009
0.436087 0.211742
0.440088 0.199441
0.444089 0.187110
0.448090 0.174748
0.452090 0.162359
0.456091 0.149945
0.460092 0.137506
0.464093 0.125046
0.468094 0.112567
0.472094 0.100069
0.476095 0.087556
0.480096 0.075029
0.484097 0.062489
0.488098 0.049941
0.492098 0.037384
0.496099 0.024821
0.500100 0.012254
0.504101 -0.000314
0.508102 -0.012883
0.512102 -0.025449
0.516103 -0.038012
0.520104 -0.050568
0.524105 -0.063117
0.528106 -0.075655
0.532106 -0.088182
0.536107 -0.100694
0.540108 -0.113191
0.544109 -0.125670
0.548110 -0.138129
0.552110 -0.150566
0.556111 -0.162979
0.560112 -0.175367
0.564113 -0.187727
0.568114 -0.200057
0.572114 -0.212356
0.576115 -0.224621
0.580116 -0.236851
0.584117 -0.249043
0.588118 -0.261196
0.592118 -0.273307
0.596119 -0.285376
0.600120 -0.297399
0.604121 -0.309376
0.608122 -0.321303
0.612122 -0.333180
0.616123 -0.345004
0.620124 -0.356774
0.624125 -0.368487
0.628126 -0.380142
0.632126 -0.391737
0.636127 -0.403270
0.640128 -0.414739
0.644129 -0.426143
0.648130 -0.437480
0.652130 -0.448747
0.656131 -0.459944
0.660132 -0.471068
0.664133 -0.482117
0.668134 -0.493090
0.672134 -0.503986
0.676135 -0.514802
0.680136 -0.525536
0.684137 -0.536188
0.688138 -0.546754
0.692138 -0.557235
0.696139 -0.567627
0.700140 -0.577930
0.704141 -0.588141
0.708142 -0.598260
0.712142 -0.608284
0.716143 -0.618211
0.720144 -0.628042
0.724145 -0.637773
0.728146 -0.647403
0.732146 -0.656931
0.736147 -0.666355
0.740148 -0.675674
0.744149 -0.684886
0.748150 -0.693990
0.752150 -0.702984
0.756151 -0.711868
0.760152 -0.720639
0.764153 -0.729295
0.768154 -0.737837
0.772154 -0.746263
0.776155 -0.754570
0.780156 -0.762758
0.784157 -0.770826
0.788158 -0.778771
0.792158 -0.786594
0.796159 -0.794293
0.800160 -0.801866
0.804161 -0.809312
0.808162 -0.816631
0.812162 -0.823821
0.816163 -0.830880
0.820164 -0.837808
0.824165 -0.844604
0.828166 -0.851266
0.832166 -0.857794
0.836167 -0.864187
0.840168 -0.870443
0.844169 -0.876561
0.848170 -0.882541
0.852170 -0.888381
0.856171 -0.894081
0.860172 -0.899640
0.864173 -0.905057
0.868174 -0.910331
0.872174 -0.915461
0.876175 -0.920446
0.880176 -0.925286
0.884177 -0.929980
0.888178 -0.934527
0.892178 -0.938926
0.896179 -0.943177
0.900180 -0.947279
0.904181 -0.951231
0.908182 -0.955033
0.912182 -0.958684
0.916183 -0.962184
0.920184 -0.965532
0.924185 -0.968727
0.928186 -0.971769
0.932186 -0.974658
0.936187 -0.977392
0.940188 -0.979972
0.944189 -0.982398
0.948190 -0.984668
0.952190 -0.986783
0.956191 -0.988741
0.960192 -0.990544
0.964193 -0.992190
0.968194 -0.993679
0.972194 -0.995012
0.976195 -0.996187
0.980196 -0.997205
0.984197 -0.998065
0.988198 -0.998768
0.992198 -0.999313
0.996199 -0.999700
1.000200 -0.999929
1.004201 -1.000000
1.008202 -0.999913
1.012202 -0.999668
1.016203 -0.999265
1.020204 -0.998705
1.024205 -0.997986
1.028206 -0.997110
1.032206 -0.996077
1.036207 -0.994886
1.040208 -0.993538
1.044209 -0.992033
1.048210 -0.990371
1.052210 -0.988553
1.056211 -0.986578
1.060212 -0.984448
1.064213 -0.982162
1.068214 -0.979721
1.072214 -0.977126
1.076215 -0.974376
1.080216 -0.971472
1.084217 -0.968414
1.088218 -0.965204
1.092218 -0.961841
1.096219 -0.958326
1.100220 -0.954660
1.104221 -0.950843
1.108222 -0.946875
1.112222 -0.942759
1.116223 -0.938493
1.120224 -0.934079
1.124225 -0.929517
1.128226 -0.924809
1.132226 -0.919954
1.136227 -0.914954
1.140228 -0.909810
1.144229 -0.904522
1.148230 -0.899091
1.152230 -0.893518
1.156231 -0.887803
1.160232 -0.881949
1.164233 -0.875955
1.168234 -0.869823
1.172234 -0.863554
1.176235 -0.857148
1.180236 -0.850606
1.184237 -0.843930
1.188238 -0.837121
1.192238 -0.830180
1.196239 -0.823107
1.200240 -0.815905
1.204241 -0.808573
1.208242 -0.801114
1.212242 -0.793529
1.216243 -0.785818
1.220244 -0.777982
1.224245 -0.770024
1.228246 -0.761945
1.232246 -0.753744
1.236247 -0.745425
1.240248 -0.736988
1.244249 -0.728435
1.248250 -0.719767
1.252250 -0.710984
1.256251 -0.702090
1.260252 -0.693085
1.264253 -0.683970
1.268254 -0.674747
1.272254 -0.665417
1.276255 -0.655983
1.280256 -0.646444
1.284257 -0.636804
1.288258 -0.627063
1.292258 -0.617223
1.296259 -0.607285
1.300260 -0.597252
1.304261 -0.587124
1.308262 -0.576904
1.312262 -0.566592
1.316263 -0.556191
1.320264 -0.545701
1.324265 -0.535126
1.328266 -0.524466
1.332266 -0.513724
1.336267 -0.502900
1.340268 -0.491997
1.344269 -0.481016
1.348270 -0.469959
1.352270 -0.458827
1.356271 -0.447624
1.360272 -0.436349
1.364273 -0.425006
1.368274 -0.413595
1.372274 -0.402119
1.376275 -0.390580
1.380276 -0.378979
1.384277 -0.367318
1.388278 -0.355599
1.392278 -0.343824
1.396279 -0.331994
1.400280 -0.320113
1.404281 -0.308180
1.408282 -0.296199
1.412282 -0.284171
1.416283 -0.272098
1.420284 -0.259982
1.424285 -0.247825
1.428286 -0.235629
1.432286 -0.223396
1.436287 -0.211128
1.440288 -0.198826
1.444289 -0.186492
1.448290 -0.174130
1.452290 -0.161739
1.456291 -0.149323
1.460292 -0.136884
1.464293 -0.124423
1.468294 -0.111942
1.472294 -0.099444
1.476295 -0.086930
1.480296 -0.074402
1.484297 -0.061862
1.488298 -0.049313
1.492298 -0.036756
1.496299 -0.024193
1.500300 -0.011626
1.504301 0.000943
1.508302 0.013511
1.512302 0.026077
1.516303 0.038640
1.520304 0.051196
1.524305 0.063744
1.528306 0.076282
1.532306 0.088808
1.536307 0.101320
1.540308 0.113815
1.544309 0.126293
1.548310 0.138751
1.552310 0.151187
1.556311 0.163599
1.560312 0.175986
1.564313 0.188344
1.568314 0.200673
1.572314 0.212970
1.576315 0.225233
1.580316 0.237461
1.584317 0.249652
1.588318 0.261802
1.592318 0.273912
1.596319 0.285978
1.600320 0.297999
1.604321 0.309973
1.608322 0.321898
1.612322 0.333772
1.616323 0.345594
1.620324 0.357361
1.624325 0.369071
1.628326 0.380723
1.632326 0.392315
1.636327 0.403845
1.640328 0.415311
1.644329 0.426712
1.648330 0.438045
1.652330 0.449309
1.656331 0.460502
1.660332 0.471622
1.664333 0.482668
1.668334 0.493637
1.672334 0.504529
1.676335 0.515340
1.680336 0.526071
1.684337 0.536718
1.688338 0.547280
1.692338 0.557756
1.696339 0.568144
1.700340 0.578442
1.704341 0.588649
1.708342 0.598763
1.712342 0.608782
1.716343 0.618705
1.720344 0.628530
1.724345 0.638256
1.728346 0.647882
1.732346 0.657404
1.736347 0.666823
1.740348 0.676137
1.744349 0.685344
1.748350 0.694442
1.752350 0.703431
1.756351 0.712309
1.760352 0.721074
1.764353 0.729725
1.768354 0.738261
1.772354 0.746681
1.776355 0.754982
1.780356 0.763164
1.784357 0.771226
1.788358 0.779166
1.792358 0.786982
1.796359 0.794675
1.800360 0.802241
1.804361 0.809681
1.808362 0.816994
1.812362 0.824177
1.816363 0.831229
1.820364 0.838151
1.824365 0.844940
1.828366 0.851596
1.832366 0.858117
1.836367 0.864503
1.840368 0.870752
1.844369 0.876863
1.848370 0.882836
1.852370 0.888670
1.856371 0.894363
1.860372 0.899914
1.864373 0.905324
1.868374 0.910591
1.872374 0.915714
1.876375 0.920692
1.880376 0.925524
1.884377 0.930211
1.888378 0.934750
1.892378 0.939142
1.896379 0.943386
1.900380 0.947480
1.904381 0.951425
1.908382 0.955219
1.912382 0.958863
1.916383 0.962355
1.920384 0.965695
1.924385 0.968883
1.928386 0.971917
1.932386 0.974798
1.936387 0.977525
1.940388 0.980097
1.944389 0.982515
1.948390 0.984777
1.952390 0.986884
1.956391 0.988835
1.960392 0.990630
1.964393 0.992268
1.968394 0.993750
1.972394 0.995074
1.976395 0.996242
1.980396 0.997252
1.984397 0.998104
1.988398 0.998799
1.992398 0.999336
1.996399 0.999715
2.000400 0.999936
2.004401 0.999999
2.008402 0.999904
2.012402 0.999652
2.016403 0.999241
2.020404 0.998672
2.024405 0.997946
2.028406 0.997062
2.032406 0.996021
2.036407 0.994822
2.040408 0.993466
2.044409 0.991953
2.048410 0.990284
2.052410 0.988458
2.056411 0.986475
2.060412 0.984337
2.064413 0.982044
2.068414 0.979595
2.072414 0.976992
2.076415 0.974234
2.080416 0.971322
2.084417 0.968257
2.088418 0.965039
2.092418 0.961669
2.096419 0.958146
2.100420 0.954472
2.104421 0.950648
2.108422 0.946673
2.112422 0.942549
2.116423 0.938276
2.120424 0.933854
2.124425 0.929285
2.128426 0.924569
2.132426 0.919708
2.136427 0.914701
2.140428 0.909549
2.144429 0.904254
2.148430 0.898815
2.152430 0.893235
2.156431 0.887514
2.160432 0.881653
2.164433 0.875652
2.168434 0.869513
2.172434 0.863236
2.176435 0.856824
2.180436 0.850276
2.184437 0.843593
2.188438 0.836777
2.192438 0.829829
2.196439 0.822750
2.200440 0.815541
2.204441 0.808204
2.208442 0.800738
2.212442 0.793146
2.216443 0.785429
2.220444 0.777587
2.224445 0.769623
2.228446 0.761537
2.232446 0.753331
2.236447 0.745006
2.240448 0.736563
2.244449 0.728004
2.248450 0.719330
2.252450 0.710542
2.256451 0.701642
2.260452 0.692631
2.264453 0.683511
2.268454 0.674283
2.272454 0.664948
2.276455 0.655508
2.280456 0.645965
2.284457 0.636319
2.288458 0.626573
2.292458 0.616728
2.296459 0.606786
2.300460 0.596748
2.304461 0.586615
2.308462 0.576390
2.312462 0.566074
2.316463 0.555668
2.320464 0.545175
2.324465 0.534595
2.328466 0.523931
2.332466 0.513184
2.336467 0.502357
2.340468 0.491449
2.344469 0.480464
2.348470 0.469404
2.352470 0.458269
2.356471 0.447062
2.360472 0.435784
2.364473 0.424437
2.368474 0.413023
2.372474 0.401544
2.376475 0.390001
2.380476 0.378397
2.384477 0.366733
2.388478 0.355012
2.392478 0.343234
2.396479 0.331402
2.400480 0.319517
2.404481 0.307582
2.408482 0.295599
2.412482 0.283568
2.416483 0.271493
2.420484 0.259375
2.424485 0.247217
2.428486 0.235019
2.432486 0.222784
2.436487 0.210513
2.440488 0.198210
2.444489 0.185875
2.448490 0.173511
2.452490 0.161119
2.456491 0.148702
2.460492 0.136261
2.464493 0.123799
2.468494 0.111318
2.472494 0.098818
2.476495 0.086304
2.480496 0.073775
2.484497 0.061235
2.488498 0.048685
2.492498 0.036128
2.496499 0.023564
2.500500 0.010998
2.504501 -0.001571
2.508502 -0.014140
2.512503 -0.026706
2.516503 -0.039268
2.520504 -0.051823
2.524505 -0.064371
2.528506 -0.076908
2.532507 -0.089434
2.536507 -0.101945
2.540508 -0.114440
2.544509 -0.126917
2.548510 -0.139374
2.552511 -0.151809
2.556511 -0.164219
2.560512 -0.176604
2.564513 -0.188961
2.568514 -0.201289
2.572515 -0.213584
2.576515 -0.225846
2.580516 -0.238072
2.584517 -0.250260
2.588518 -0.262409
2.592519 -0.274516
2.596519 -0.286580
2.600520 -0.298599
2.604521 -0.310571
2.608522 -0.322493
2.612523 -0.334365
2.616523 -0.346183
2.620524 -0.357947
2.624525 -0.369655
2.628526 -0.381304
2.632527 -0.392893
2.636527 -0.404420
2.640528 -0.415883
2.644529 -0.427280
2.648530 -0.438610
2.652531 -0.449870
2.656531 -0.461059
2.660532 -0.472176
2.664533 -0.483218
2.668534 -0.494183
2.672535 -0.505071
2.676535 -0.515879
2.680536 -0.526605
2.684537 -0.537248
2.688538 -0.547806
2.692539 -0.558278
2.696539 -0.568661
2.700540 -0.578955
2.704541 -0.589157
2.708542 -0.599266
2.712543 -0.609281
2.716543 -0.619199
2.720544 -0.629019
2.724545 -0.638740
2.728546 -0.648360
2.732547 -0.657878
2.736547 -0.667292
2.740548 -0.676600
2.744549 -0.685801
2.748550 -0.694894
2.752551 -0.703878
2.756551 -0.712750
2.760552 -0.721509
2.764553 -0.730155
2.768554 -0.738685
2.772555 -0.747099
2.776555 -0.755394
2.780556 -0.763570
2.784557 -0.771626
2.788558 -0.779559
2.792559 -0.787370
2.796559 -0.795056
2.800560 -0.802616
2.804561 -0.810050
2.808562 -0.817356
2.812563 -0.824532
2.816563 -0.831579
2.820564 -0.838494
2.824565 -0.845276
2.828566 -0.851925
2.832567 -0.858440
2.836567 -0.864818
2.840568 -0.871061
2.844569 -0.877165
2.848570 -0.883131
2.852571 -0.888958
2.856571 -0.894644
2.860572 -0.900188
2.864573 -0.905591
2.868574 -0.910850
2.872575 -0.915966
2.876575 -0.920937
2.880576 -0.925762
2.884577 -0.930441
2.888578 -0.934973
2.892579 -0.939358
2.896579 -0.943594
2.900580 -0.947681
2.904581 -0.951618
2.908582 -0.955405
2.912583 -0.959041
2.916583 -0.962526
2.920584 -0.965858
2.924585 -0.969038
2.928586 -0.972065
2.932587 -0.974938
2.936587 -0.977657
2.940588 -0.980222
2.944589 -0.982632
2.948590 -0.984886
2.952591 -0.986986
2.956591 -0.988929
2.960592 -0.990716
2.964593 -0.992346
2.968594 -0.993820
2.972595 -0.995136
2.976595 -0.996296
2.980596 -0.997298
2.984597 -0.998143
2.988598 -0.998829
2.992599 -0.999358
2.996599 -0.999730
3.000600 -0.999943
3.004601 -0.999998
3.008602 -0.999896
3.012603 -0.999635
3.016603 -0.999216
3.020604 -0.998640
3.024605 -0.997906
3.028606 -0.997014
3.032607 -0.995965
3.036607 -0.994758
3.040608 -0.993394
3.044609 -0.991873
3.048610 -0.990196
3.052611 -0.988362
3.056611 -0.986372
3.060612 -0.984226
3.064613 -0.981925
3.068614 -0.979469
3.072615 -0.976858
3.076615 -0.974092
3.080616 -0.971173
3.084617 -0.968100
3.088618 -0.964874
3.092619 -0.961496
3.096619 -0.957966
3.100620 -0.954285
3.104621 -0.950453
3.108622 -0.946470
3.112623 -0.942339
3.116623 -0.938058
3.120624 -0.933629
3.124625 -0.929053
3.128626 -0.924330
3.132627 -0.919461
3.136627 -0.914446
3.140628 -0.909288
3.144629 -0.903985
3.148630 -0.898540
3.152631 -0.892953
3.156631 -0.887224
3.160632 -0.881356
3.164633 -0.875348
3.168634 -0.869202
3.172635 -0.862919
3.176635 -0.856499
3.180636 -0.849945
3.184637 -0.843255
3.188638 -0.836433
3.192639 -0.829479
3.196639 -0.822393
3.200640 -0.815178
3.204641 -0.807833
3.208642 -0.800361
3.212643 -0.792763
3.216643 -0.785040
3.220644 -0.777192
3.224645 -0.769222
3.228646 -0.761130
3.232647 -0.752918
3.236647 -0.744587
3.240648 -0.736138
3.244649 -0.727573
3.248650 -0.718893
3.252651 -0.710100
3.256651 -0.701194
3.260652 -0.692178
3.264653 -0.683052
3.268654 -0.673819
3.272655 -0.664478
3.276655 -0.655033
3.280656 -0.645485
3.284657 -0.635834
3.288658 -0.626083
3.292659 -0.616234
3.296659 -0.606286
3.300660 -0.596243
3.304661 -0.586106
3.308662 -0.575876
3.312663 -0.565556
3.316663 -0.555146
3.320664 -0.544648
3.324665 -0.534064
3.328666 -0.523396
3.332667 -0.512645
3.336667 -0.501813
3.340668 -0.490902
3.344669 -0.479913
3.348670 -0.468849
3.352671 -0.457710
3.356671 -0.446499
3.360672 -0.435218
3.364673 -0.423868
3.368674 -0.412451
3.372675 -0.400968
3.376675 -0.389423
3.380676 -0.377816
3.384677 -0.366149
3.388678 -0.354424
3.392679 -0.342643
3.396679 -0.330809
3.400680 -0.318922
3.404681 -0.306984
3.408682 -0.294998
3.412683 -0.282966
3.416683 -0.270888
3.420684 -0.258768
3.424685 -0.246608
3.428686 -0.234408
3.432687 -0.222171
3.436687 -0.209899
3.440688 -0.197594
3.444689 -0.185257
3.448690 -0.172892
3.452691 -0.160499
3.456691 -0.148080
3.460692 -0.135639
3.464693 -0.123176
3.468694 -0.110693
3.472695 -0.098193
3.476695 -0.085677
3.480696 -0.073148
3.484697 -0.060608
3.488698 -0.048057
3.492699 -0.035500
3.496699 -0.022936
3.500700 -0.010369
3.504701 0.002200
3.508702 0.014768
3.512703 0.027334
3.516703 0.039896
3.520704 0.052451
3.524705 0.064998
3.528706 0.077535
3.532707 0.090060
3.536707 0.102570
3.540708 0.115064
3.544709 0.127540
3.548710 0.139996
3.552711 0.152430
3.556711 0.164839
3.560712 0.177223
3.564713 0.189578
3.568714 0.201904
3.572715 0.214198
3.576715 0.226458
3.580716 0.238682
3.584717 0.250868
3.588718 0.263015
3.592719 0.275120
3.596719 0.287182
3.600720 0.299199
3.604721 0.311168
3.608722 0.323088
3.612723 0.334957
3.616723 0.346773
3.620724 0.358534
3.624725 0.370239
3.628726 0.381885
3.632727 0.393471
3.636727 0.404994
3.640728 0.416454
3.644729 0.427848
3.648730 0.439174
3.652731 0.450431
3.656731 0.461617
3.660732 0.472730
3.664733 0.483768
3.668734 0.494730
3.672735 0.505613
3.676735 0.516417
3.680736 0.527139
3.684737 0.537778
3.688738 0.548332
3.692739 0.558799
3.696739 0.569178
3.700740 0.579467
3.704741 0.589665
3.708742 0.599769
3.712743 0.609779
3.716743 0.619692
3.720744 0.629508
3.724745 0.639224
3.728746 0.648839
3.732747 0.658351
3.736747 0.667760
3.740748 0.677063
3.744749 0.686259
3.748750 0.695346
3.752751 0.704324
3.756751 0.713190
3.760752 0.721944
3.764753 0.730584
3.768754 0.739109
3.772755 0.747516
3.776755 0.755806
3.780756 0.763976
3.784757 0.772025
3.788758 0.779953
3.792759 0.787757
3.796759 0.795437
3.800760 0.802991
3.804761 0.810418
3.808762 0.817718
3.812763 0.824888
3.816763 0.831928
3.820764 0.838836
3.824765 0.845612
3.828766 0.852254
3.832767 0.858762
3.836767 0.865134
3.840768 0.871369
3.844769 0.877467
3.848770 0.883426
3.852771 0.889245
3.856771 0.894924
3.860772 0.900462
3.864773 0.905857
3.868774 0.911110
3.872775 0.916218
3.876775 0.921181
3.880776 0.926000
3.884777 0.930671
3.888778 0.935196
3.892779 0.939573
3.896779 0.943802
3.900780 0.947881
3.904781 0.951811
3.908782 0.955590
3.912783 0.959219
3.916783 0.962696
3.920784 0.966021
3.924785 0.969193
3.928786 0.972212
3.932787 0.975078
3.936787 0.977789
3.940788 0.980346
3.944789 0.982748
3.948790 0.984995
3.952791 0.987086
3.956791 0.989022
3.960792 0.990801
3.964793 0.992424
3.968794 0.993889
3.972795 0.995198
3.976795 0.996350
3.980796 0.997344
3.984797 0.998181
3.988798 0.998860
3.992799 0.999381
3.996799 0.999744
4.000800 0.999949
4.004801 0.999997
4.008802 0.999886
4.012803 0.999618
4.016803 0.999191
4.020804 0.998607
4.024805 0.997865
4.028806 0.996965
4.032807 0.995908
4.036807 0.994694
4.040808 0.993322
4.044809 0.991793
4.048810 0.990108
4.052811 0.988266
4.056811 0.986269
4.060812 0.984115
4.064813 0.981806
4.068814 0.979342
4.072815 0.976723
4.076815 0.973950
4.080816 0.971023
4.084817 0.967942
4.088818 0.964709
4.092819 0.961323
4.096819 0.957786
4.100820 0.954097
4.104821 0.950257
4.108822 0.946267
4.112823 0.942128
4.116823 0.937840
4.120824 0.933404
4.124825 0.928820
4.128826 0.924090
4.132827 0.919213
4.136827 0.914192
4.140828 0.909026
4.144829 0.903716
4.148830 0.898264
4.152831 0.892670
4.156831 0.886934
4.160832 0.881059
4.164833 0.875044
4.168834 0.868891
4.172835 0.862601
4.176835 0.856175
4.180836 0.849613
4.184837 0.842917
4.188838 0.836088
4.192839 0.829127
4.196839 0.822035
4.200840 0.814813
4.204841 0.807463
4.208842 0.799985
4.212843 0.792380
4.216843 0.784650
4.220844 0.776796
4.224845 0.768820
4.228846 0.760722
4.232847 0.752504
4.236847 0.744167
4.240848 0.735713
4.244849 0.727142
4.248850 0.718456
4.252851 0.709657
4.256851 0.700746
4.260852 0.691724
4.264853 0.682593
4.268854 0.673354
4.272855 0.664009
4.276855 0.654558
4.280856 0.645005
4.284857 0.635349
4.288858 0.625593
4.292859 0.615739
4.296859 0.605786
4.300860 0.595739
4.304861 0.585597
4.308862 0.575363
4.312863 0.565037
4.316863 0.554623
4.320864 0.544121
4.324865 0.533533
4.328866 0.522860
4.332867 0.512105
4.336867 0.501269
4.340868 0.490354
4.344869 0.479362
4.348870 0.468294
4.352871 0.457151
4.356871 0.445937
4.360872 0.434652
4.364873 0.423298
4.368874 0.411878
4.372875 0.400393
4.376875 0.388844
4.380876 0.377234
4.384877 0.365564
4.388878 0.353836
4.392879 0.342053
4.396879 0.330216
4.400880 0.318326
4.404881 0.306386
4.408882 0.294398
4.412883 0.282363
4.416883 0.270283
4.420884 0.258161
4.424885 0.245998
4.428886 0.233797
4.432887 0.221558
4.436887 0.209284
4.440888 0.196978
4.444889 0.184640
4.448890 0.172273
4.452891 0.159878
4.456891 0.147459
4.460892 0.135016
4.464893 0.122552
4.468894 0.110068
4.472895 0.097568
4.476895 0.085051
4.480896 0.072522
4.484897 0.059980
4.488898 0.047430
4.492899 0.034872
4.496899 0.022308
4.500900 0.009741
4.504901 -0.002828
4.508902 -0.015396
4.512903 -0.027962
4.516903 -0.040524
4.520904 -0.053079
4.524905 -0.065625
4.528906 -0.078162
4.532907 -0.090685
4.536907 -0.103195
4.540908 -0.115688
4.544909 -0.128163
4.548910 -0.140618
4.552911 -0.153051
4.556911 -0.165459
4.560912 -0.177841
4.564913 -0.190195
4.568914 -0.202520
4.572915 -0.214812
4.576915 -0.227070
4.580916 -0.239292
4.584917 -0.251477
4.588918 -0.263621
4.592919 -0.275725
4.596919 -0.287784
4.600920 -0.299798
4.604921 -0.311765
4.608922 -0.323683
4.612923 -0.335549
4.616923 -0.347362
4.620924 -0.359121
4.624925 -0.370823
4.628926 -0.382466
4.632927 -0.394048
4.636927 -0.405569
4.640928 -0.417025
4.644929 -0.428416
4.648930 -0.439739
4.652931 -0.450992
4.656931 -0.462174
4.660932 -0.473284
4.664933 -0.484318
4.668934 -0.495276
4.672935 -0.506155
4.676935 -0.516955
4.680936 -0.527673
4.684937 -0.538308
4.688938 -0.548857
4.692939 -0.559320
4.696939 -0.569695
4.700940 -0.579979
4.704941 -0.590172
4.708942 -0.600272
4.712943 -0.610277
4.716943 -0.620185
4.720944 -0.629996
4.724945 -0.639707
4.728946 -0.649317
4.732947 -0.658824
4.736947 -0.668227
4.740948 -0.677525
4.744949 -0.686716
4.748950 -0.695798
4.752951 -0.704770
4.756951 -0.713631
4.760952 -0.722379
4.764953 -0.731013
4.768954 -0.739532
4.772955 -0.747933
4.776955 -0.756217
4.780956 -0.764381
4.784957 -0.772425
4.788958 -0.780346
4.792959 -0.788144
4.796959 -0.795818
4.800960 -0.803365
4.804961 -0.810786
4.808962 -0.818079
4.812963 -0.825243
4.816963 -0.832276
4.820964 -0.839178
4.824965 -0.845947
4.828966 -0.852583
4.832967 -0.859084
4.836967 -0.865449
4.840968 -0.871677
4.844969 -0.877768
4.848970 -0.883720
4.852971 -0.889533
4.856971 -0.895204
4.860972 -0.900735
4.864973 -0.906123
4.868974 -0.911368
4.872975 -0.916469
4.876975 -0.921426
4.880976 -0.926237
4.884977 -0.930901
4.888978 -0.935418
4.892979 -0.939788
4.896979 -0.944009
4.900980 -0.948081
4.904981 -0.952004
4.908982 -0.955775
4.912983 -0.959396
4.916983 -0.962866
4.920984 -0.966183
4.924985 -0.969347
4.928986 -0.972359
4.932987 -0.975217
4.936987 -0.977921
4.940988 -0.980470
4.944989 -0.982864
4.948990 -0.985103
4.952991 -0.987187
4.956991 -0.989114
4.960992 -0.990886
4.964993 -0.992501
4.968994 -0.993959
4.972995 -0.995260
4.976995 -0.996403
4.980996 -0.997390
4.984997 -0.998218
4.988998 -0.998889
4.992999 -0.999403
4.996999 -0.999758
5.001000 -0.999956
5.005001 -0.999995
5.009002 -0.999877
5.013003 -0.999600
5.017003 -0.999166
5.021004 -0.998574
5.025005 -0.997824
5.029006 -0.996916
5.033007 -0.995851
5.037007 -0.994629
5.041008 -0.993249
5.045009 -0.991713
5.049010 -0.990020
5.053011 -0.988170
5.057011 -0.986165
5.061012 -0.984003
5.065013 -0.981686
5.069014 -0.979215
5.073015 -0.976588
5.077015 -0.973807
5.081016 -0.970872
5.085017 -0.967784
5.089018 -0.964543
5.093019 -0.961150
5.097019 -0.957605
5.101020 -0.953908
5.105021 -0.950061
5.109022 -0.946064
5.113023 -0.941917
5.117023 -0.937622
5.121024 -0.933178
5.125025 -0.928587
5.129026 -0.923849
5.133027 -0.918966
5.137027 -0.913937
5.141028 -0.908764
5.145029 -0.903447
5.149030 -0.897987
5.153031 -0.892386
5.157031 -0.886644
5.161032 -0.880761
5.165033 -0.874740
5.169034 -0.868580
5.173035 -0.862283
5.177035 -0.855850
5.181036 -0.849282
5.185037 -0.842579
5.189038 -0.835744
5.193039 -0.828776
5.197039 -0.821677
5.201040 -0.814449
5.205041 -0.807092
5.209042 -0.799607
5.213043 -0.791996
5.217043 -0.784260
5.221044 -0.776401
5.225045 -0.768418
5.229046 -0.760314
5.233047 -0.752090
5.237047 -0.743747
5.241048 -0.735287
5.245049 -0.726710
5.249050 -0.718019
5.253051 -0.709214
5.257051 -0.700298
5.261052 -0.691270
5.265053 -0.682134
5.269054 -0.672889
5.273055 -0.663539
5.277055 -0.654083
5.281056 -0.644524
5.285057 -0.634864
5.289058 -0.625103
5.293059 -0.615243
5.297059 -0.605286
5.301060 -0.595234
5.305061 -0.585087
5.309062 -0.574848
5.313063 -0.564519
5.317063 -0.554100
5.321064 -0.543593
5.325065 -0.533001
5.329066 -0.522324
5.333067 -0.511565
5.337067 -0.500725
5.341068 -0.489807
5.345069 -0.478810
5.349070 -0.467738
5.353071 -0.456592
5.357071 -0.445374
5.361072 -0.434086
5.365073 -0.422729
5.369074 -0.411305
5.373075 -0.399817
5.377075 -0.388265
5.381076 -0.376652
5.385077 -0.364979
5.389078 -0.353249
5.393079 -0.341462
5.397079 -0.329622
5.401080 -0.317730
5.405081 -0.305788
5.409082 -0.293797
5.413083 -0.281760
5.417083 -0.269678
5.421084 -0.257554
5.425085 -0.245389
5.429086 -0.233186
5.433087 -0.220945
5.437087 -0.208670
5.441088 -0.196361
5.445089 -0.184022
5.449090 -0.171654
5.453091 -0.159258
5.457091 -0.146837
5.461092 -0.134393
5.465093 -0.121928
5.469094 -0.109444
5.473095 -0.096942
5.477095 -0.084425
5.481096 -0.071895
5.485097 -0.059353
5.489098 -0.046802
5.493099 -0.034244
5.497099 -0.021680
5.501100 -0.009112
5.505101 0.003456
5.509102 0.016025
5.513103 0.028590
5.517103 0.041151
5.521104 0.053706
5.525105 0.066252
5.529106 0.078788
5.533107 0.091311
5.537107 0.103820
5.541108 0.116313
5.545109 0.128787
5.549110 0.141240
5.553111 0.153672
5.557111 0.166079
5.561112 0.178460
5.565113 0.190812
5.569114 0.203135
5.573115 0.215425
5.577115 0.227682
5.581116 0.239902
5.585117 0.252085
5.589118 0.264228
5.593119 0.276329
5.597119 0.288386
5.601120 0.300398
5.605121 0.312362
5.609122 0.324277
5.613123 0.336141
5.617123 0.347952
5.621124 0.359707
5.625125 0.371406
5.629126 0.383046
5.633127 0.394626
5.637127 0.406143
5.641128 0.417596
5.645129 0.428984
5.649130 0.440303
5.653131 0.451553
5.657131 0.462732
5.661132 0.473837
5.665133 0.484868
5.669134 0.495822
5.673135 0.506697
5.677135 0.517493
5.681136 0.528207
5.685137 0.538837
5.689138 0.549383
5.693139 0.559841
5.697139 0.570211
5.701140 0.580491
5.705141 0.590679
5.709142 0.600774
5.713143 0.610775
5.717143 0.620678
5.721144 0.630484
5.725145 0.640190
5.729146 0.649794
5.733147 0.659297
5.737147 0.668695
5.741148 0.677987
5.745149 0.687172
5.749150 0.696249
5.753151 0.705216
5.757151 0.714071
5.761152 0.722813
5.765153 0.731442
5.769154 0.739955
5.773155 0.748350
5.777155 0.756628
5.781156 0.764786
5.785157 0.772824
5.789158 0.780739
5.793159 0.788531
5.797159 0.796198
5.801160 0.803740
5.805161 0.811154
5.809162 0.818441
5.813163 0.825598
5.817163 0.832624
5.821164 0.839520
5.825165 0.846282
5.829166 0.852911
5.833167 0.859405
5.837167 0.865763
5.841168 0.871985
5.845169 0.878069
5.849170 0.884014
5.853171 0.889819
5.857171 0.895484
5.861172 0.901008
5.865173 0.906389
5.869174 0.911627
5.873175 0.916721
5.877175 0.921670
5.881176 0.926473
5.885177 0.931130
5.889178 0.935640
5.893179 0.940003
5.897179 0.944216
5.901180 0.948281
5.905181 0.952196
5.909182 0.955960
5.913183 0.959573
5.917183 0.963035
5.921184 0.966345
5.925185 0.969502
5.929186 0.972505
5.933187 0.975356
5.937187 0.978052
5.941188 0.980593
5.945189 0.982980
5.949190 0.985211
5.953191 0.987287
5.957191 0.989207
5.961192 0.990970
5.965193 0.992577
5.969194 0.994027
5.973195 0.995320
5.977195 0.996456
5.981196 0.997435
5.985197 0.998256
5.989198 0.998919
5.993199 0.999424
5.997199 0.999772
6.001200 0.999961
6.005201 0.999993
6.009202 0.999867
6.013203 0.999582
6.017203 0.999140
6.021204 0.998540
6.025205 0.997782
6.029206 0.996867
6.033207 0.995794
6.037207 0.994563
6.041208 0.993176
6.045209 0.991632
6.049210 0.989931
6.053211 0.988074
6.057211 0.986060
6.061212 0.983891
6.065213 0.981567
6.069214 0.979087
6.073215 0.976453
6.077215 0.973664
6.081216 0.970722
6.085217 0.967626
6.089218 0.964377
6.093219 0.960976
6.097219 0.957424
6.101220 0.953720
6.105221 0.949865
6.109222 0.945860
6.113223 0.941706
6.117223 0.937403
6.121224 0.932952
6.125225 0.928354
6.129226 0.923609
6.133227 0.918718
6.137227 0.913682
6.141228 0.908501
6.145229 0.903177
6.149230 0.897711
6.153231 0.892102
6.157231 0.886353
6.161232 0.880464
6.165233 0.874435
6.169234 0.868269
6.173235 0.861965
6.177235 0.855525
6.181236 0.848950
6.185237 0.842241
6.189238 0.835398
6.193239 0.828424
6.197239 0.821319
6.201240 0.814084
6.205241 0.806721
6.209242 0.799230
6.213243 0.791613
6.217243 0.783870
6.221244 0.776004
6.225245 0.768016
6.229246 0.759906
6.233247 0.751676
6.237247 0.743327
6.241248 0.734861
6.245249 0.726279
6.249250 0.717582
6.253251 0.708771
6.257251 0.699849
6.261252 0.690816
6.265253 0.681674
6.269254 0.672424
6.273255 0.663068
6.277255 0.653608
6.281256 0.644044
6.285257 0.634378
6.289258 0.624612
6.293259 0.614748
6.297259 0.604786
6.301260 0.594729
6.305261 0.584578
6.309262 0.574334
6.313263 0.564000
6.317263 0.553576
6.321264 0.543066
6.325265 0.532469
6.329266 0.521788
6.333267 0.511025
6.337267 0.500181
6.341268 0.489259
6.345269 0.478258
6.349270 0.467183
6.353271 0.456033
6.357271 0.444812
6.361272 0.433520
6.365273 0.422159
6.369274 0.410732
6.373275 0.399240
6.377275 0.387686
6.381276 0.376069
6.385277 0.364394
6.389278 0.352661
6.393279 0.340872
6.397279 0.329029
6.401280 0.317134
6.405281 0.305189
6.409282 0.293196
6.413283 0.281157
6.417283 0.269073
6.421284 0.256947
6.425285 0.244780
6.429286 0.232574
6.433287 0.220332
6.437287 0.208055
6.441288 0.195745
6.445289 0.183404
6.449290 0.171034
6.453291 0.158638
6.457291 0.146216
6.461292 0.133771
6.465293 0.121304
6.469294 0.108819
6.473295 0.096317
6.477295 0.083799
6.481296 0.071268
6.485297 0.058726
6.489298 0.046174
6.493299 0.033615
6.497299 0.021051
6.501300 0.008484
6.505301 -0.004085
6.509302 -0.016653
6.513303 -0.029218
6.517303 -0.041779
6.521304 -0.054334
6.525305 -0.066879
6.529306 -0.079414
6.533307 -0.091937
6.537307 -0.104445
6.541308 -0.116937
6.545309 -0.129410
6.549310 -0.141862
6.553311 -0.154293
6.557311 -0.166699
6.561312 -0.179078
6.565313 -0.191429
6.569314 -0.203750
6.573315 -0.216039
6.577315 -0.228294
6.581316 -0.240512
6.585317 -0.252693
6.589318 -0.264834
6.593319 -0.276933
6.597319 -0.288988
6.601320 -0.300997
6.605321 -0.312959
6.609322 -0.324872
6.613323 -0.336733
6.617323 -0.348541
6.621324 -0.360294
6.625325 -0.371990
6.629326 -0.383627
6.633327 -0.395203
6.637327 -0.406718
6.641328 -0.418167
6.645329 -0.429551
6.649330 -0.440867
6.653331 -0.452114
6.657331 -0.463289
6.661332 -0.474390
6.665333 -0.485417
6.669334 -0.496367
6.673335 -0.507239
6.677335 -0.518031
6.681336 -0.528740
6.685337 -0.539367
6.689338 -0.549908
6.693339 -0.560362
6.697339 -0.570727
6.701340 -0.581003
6.705341 -0.591186
6.709342 -0.601277
6.713343 -0.611272
6.717343 -0.621171
6.721344 -0.630971
6.725345 -0.640672
6.729346 -0.650272
6.733347 -0.659769
6.737347 -0.669162
6.741348 -0.678449
6.745349 -0.687629
6.749350 -0.696700
6.753351 -0.705661
6.757351 -0.714511
6.761352 -0.723248
6.765353 -0.731870
6.769354 -0.740377
6.773355 -0.748767
6.777355 -0.757039
6.781356 -0.765191
6.785357 -0.773222
6.789358 -0.781131
6.793359 -0.788917
6.797359 -0.796578
6.801360 -0.804113
6.805361 -0.811521
6.809362 -0.818801
6.813363 -0.825952
6.817363 -0.832972
6.821364 -0.839861
6.825365 -0.846617
6.829366 -0.853239
6.833367 -0.859726
6.837367 -0.866078
6.841368 -0.872292
6.845369 -0.878369
6.849370 -0.884308
6.853371 -0.890106
6.857371 -0.895764
6.861372 -0.901280
6.865373 -0.906654
6.869374 -0.911885
6.873375 -0.916972
6.877375 -0.921913
6.881376 -0.926710
6.885377 -0.931359
6.889378 -0.935862
6.893379 -0.940217
6.897379 -0.944423
6.901380 -0.948480
6.905381 -0.952388
6.909382 -0.956144
6.913383 -0.959750
6.917383 -0.963204
6.921384 -0.966506
6.925385 -0.969656
6.929386 -0.972652
6.933387 -0.975494
6.937387 -0.978182
6.941388 -0.980716
6.945389 -0.983095
6.949390 -0.985319
6.953391 -0.987387
6.957391 -0.989299
6.961392 -0.991054
6.965393 -0.992653
6.969394 -0.994096
6.973395 -0.995381
6.977395 -0.996509
6.981396 -0.997480
6.985397 -0.998293
6.989398 -0.998948
6.993399 -0.999445
6.997399 -0.999785
7.001400 -0.999967
7.005401 -0.999990
7.009402 -0.999856
7.013403 -0.999564
7.017403 -0.999114
7.021404 -0.998506
7.025405 -0.997740
7.029406 -0.996817
7.033407 -0.995736
7.037407 -0.994498
7.041408 -0.993103
7.045409 -0.991550
7.049410 -0.989842
7.053411 -0.987977
7.057411 -0.985955
7.061412 -0.983779
7.065413 -0.981446
7.069414 -0.978959
7.073415 -0.976317
7.077415 -0.973521
7.081416 -0.970570
7.085417 -0.967467
7.089418 -0.964211
7.093419 -0.960802
7.097419 -0.957242
7.101420 -0.953530
7.105421 -0.949668
7.109422 -0.945656
7.113423 -0.941494
7.117423 -0.937184
7.121424 -0.932726
7.125425 -0.928120
7.129426 -0.923368
7.133427 -0.918469
7.137427 -0.913426
7.141428 -0.908239
7.145429 -0.902907
7.149430 -0.897434
7.153431 -0.891818
7.157431 -0.886062
7.161432 -0.880165
7.165433 -0.874130
7.169434 -0.867957
7.173435 -0.861646
7.177435 -0.855199
7.181436 -0.848617
7.185437 -0.841902
7.189438 -0.835053
7.193439 -0.828072
7.197439 -0.820960
7.201440 -0.813719
7.205441 -0.806349
7.209442 -0.798852
7.213443 -0.791228
7.217443 -0.783480
7.221444 -0.775608
7.225445 -0.767613
7.229446 -0.759497
7.233447 -0.751261
7.237447 -0.742906
7.241448 -0.734434
7.245449 -0.725846
7.249450 -0.717144
7.253451 -0.708328
7.257451 -0.699400
7.261452 -0.690362
7.265453 -0.681214
7.269454 -0.671959
7.273455 -0.662598
7.277455 -0.653132
7.281456 -0.643563
7.285457 -0.633892
7.289458 -0.624121
7.293459 -0.614252
7.297459 -0.604285
7.301460 -0.594223
7.305461 -0.584068
7.309462 -0.573820
7.313463 -0.563481
7.317463 -0.553053
7.321464 -0.542538
7.325465 -0.531937
7.329466 -0.521252
7.333467 -0.510485
7.337467 -0.499637
7.341468 -0.488710
7.345469 -0.477706
7.349470 -0.466627
7.353471 -0.455474
7.357471 -0.444249
7.361472 -0.432953
7.365473 -0.421590
7.369474 -0.410159
7.373475 -0.398664
7.377475 -0.387106
7.381476 -0.375487
7.385477 -0.363808
7.389478 -0.352072
7.393479 -0.340281
7.397479 -0.328435
7.401480 -0.316538
7.405481 -0.304591
7.409482 -0.292595
7.413483 -0.280554
7.417483 -0.268468
7.421484 -0.256339
7.425485 -0.244171
7.429486 -0.231963
7.433487 -0.219719
7.437487 -0.207440
7.441488 -0.195129
7.445489 -0.182786
7.449490 -0.170415
7.453491 -0.158017
7.457491 -0.145594
7.461492 -0.133148
7.465493 -0.120681
7.469494 -0.108194
7.473495 -0.095691
7.477495 -0.083173
7.481496 -0.070641
7.485497 -0.058098
7.489498 -0.045546
7.493499 -0.032987
7.497499 -0.020423
7.501500 -0.007855
7.505501 0.004713
7.509502 0.017281
7.513503 0.029847
7.517504 0.042407
7.521504 0.054961
7.525505 0.067506
7.529506 0.080041
7.533507 0.092563
7.537508 0.105070
7.541508 0.117561
7.545509 0.130033
7.549510 0.142484
7.553511 0.154914
7.557512 0.167318
7.561512 0.179696
7.565513 0.192046
7.569514 0.204365
7.573515 0.216653
7.577516 0.228906
7.581516 0.241122
7.585517 0.253301
7.589518 0.265440
7.593519 0.277536
7.597520 0.289589
7.601520 0.301596
7.605521 0.313556
7.609522 0.325466
7.613523 0.337324
7.617524 0.349130
7.621524 0.360880
7.625525 0.372573
7.629526 0.384207
7.633527 0.395781
7.637528 0.407292
7.641528 0.418738
7.645529 0.430119
7.649530 0.441431
7.653531 0.452674
7.657532 0.463845
7.661532 0.474943
7.665533 0.485967
7.669534 0.496913
7.673535 0.507781
7.677536 0.518568
7.681536 0.529274
7.685537 0.539896
7.689538 0.550432
7.693539 0.560882
7.697540 0.571243
7.701540 0.581514
7.705541 0.591693
7.709542 0.601779
7.713543 0.611769
7.717544 0.621663
7.721544 0.631459
7.725545 0.641155
7.729546 0.650749
7.733547 0.660241
7.737548 0.669629
7.741548 0.678910
7.745549 0.688085
7.749550 0.697151
7.753551 0.706106
7.757552 0.714950
7.761552 0.723681
7.765553 0.732298
7.769554 0.740799
7.773555 0.749184
7.777556 0.757449
7.781556 0.765595
7.785557 0.773621
7.789558 0.781524
7.793559 0.789303
7.797560 0.796958
7.801560 0.804487
7.805561 0.811889
7.809562 0.819162
7.813563 0.826306
7.817564 0.833320
7.821564 0.840202
7.825565 0.846951
7.829566 0.853566
7.833567 0.860047
7.837568 0.866392
7.841568 0.872600
7.845569 0.878670
7.849570 0.884601
7.853571 0.890392
7.857572 0.896043
7.861572 0.901552
7.865573 0.906919
7.869574 0.912143
7.873575 0.917222
7.877576 0.922157
7.881576 0.926946
7.885577 0.931588
7.889578 0.936083
7.893579 0.940431
7.897580 0.944630
7.901580 0.948679
7.905581 0.952579
7.909582 0.956328
7.913583 0.959926
7.917584 0.963373
7.921584 0.966667
7.925585 0.969809
7.929586 0.972797
7.933587 0.975632
7.937588 0.978313
7.941588 0.980839
7.945589 0.983210
7.949590 0.985426
7.953591 0.987486
7.957592 0.989390
7.961592 0.991138
7.965593 0.992729
7.969594 0.994164
7.973595 0.995441
7.977596 0.996561
7.981596 0.997524
7.985597 0.998329
7.989598 0.998976
7.993599 0.999466
7.997600 0.999798
8.001600 0.999972
8.005601 0.999987
8.009602 0.999845
8.013603 0.999545
8.017604 0.999087
8.021604 0.998471
8.025605 0.997698
8.029606 0.996766
8.033607 0.995678
8.037608 0.994432
8.041608 0.993029
8.045609 0.991469
8.049610 0.989752
8.053611 0.987879
8.057612 0.985850
8.061612 0.983666
8.065613 0.981326
8.069614 0.978830
8.073615 0.976181
8.077616 0.973377
8.081616 0.970419
8.085617 0.967308
8.089618 0.964044
8.093619 0.960628
8.097620 0.957060
8.101620 0.953341
8.105621 0.949471
8.109622 0.945451
8.113623 0.941282
8.117624 0.936965
8.121624 0.932499
8.125625 0.927886
8.129626 0.923126
8.133627 0.918221
8.137628 0.913170
8.141628 0.907975
8.145629 0.902637
8.149630 0.897156
8.153631 0.891534
8.157632 0.885770
8.161632 0.879867
8.165633 0.873825
8.169634 0.867644
8.173635 0.861327
8.177636 0.854873
8.181636 0.848285
8.185637 0.841562
8.189638 0.834707
8.193639 0.827719
8.197640 0.820601
8.201640 0.813354
8.205641 0.805977
8.209642 0.798474
8.213643 0.790844
8.217644 0.783089
8.221644 0.775211
8.225645 0.767210
8.229646 0.759088
8.233647 0.750846
8.237648 0.742486
8.241648 0.734008
8.245649 0.725414
8.249650 0.716706
8.253651 0.707884
8.257652 0.698951
8.261652 0.689907
8.265653 0.680754
8.269654 0.671493
8.273655 0.662127
8.277656 0.652656
8.281656 0.643082
8.285657 0.633406
8.289658 0.623630
8.293659 0.613756
8.297660 0.603785
8.301660 0.593718
8.305661 0.583557
8.309662 0.573305
8.313663 0.562961
8.317664 0.552529
8.321664 0.542010
8.325665 0.531405
8.329666 0.520716
8.333667 0.509944
8.337668 0.499093
8.341668 0.488162
8.345669 0.477154
8.349670 0.466071
8.353671 0.454914
8.357672 0.443685
8.361672 0.432387
8.365673 0.421020
8.369674 0.409586
8.373675 0.398088
8.377676 0.386527
8.381676 0.374904
8.385677 0.363223
8.389678 0.351484
8.393679 0.339690
8.397680 0.327842
8.401680 0.315942
8.405681 0.303992
8.409682 0.291994
8.413683 0.279951
8.417684 0.267862
8.421684 0.255732
8.425685 0.243561
8.429686 0.231352
8.433687 0.219106
8.437688 0.206826
8.441688 0.194512
8.445689 0.182169
8.449690 0.169796
8.453691 0.157396
8.457692 0.144972
8.461692 0.132525
8.465693 0.120057
8.469694 0.107570
8.473695 0.095066
8.477696 0.082546
8.481696 0.070014
8.485697 0.057471
8.489698 0.044919
8.493699 0.032359
8.497700 0.019795
8.501700 0.007227
8.505701 -0.005342
8.509702 -0.017910
8.513703 -0.030475
8.517704 -0.043035
8.521704 -0.055589
8.525705 -0.068133
8.529706 -0.080667
8.533707 -0.093189
8.537708 -0.105695
8.541708 -0.118185
8.545709 -0.130656
8.549710 -0.143106
8.553711 -0.155534
8.557712 -0.167938
8.561712 -0.180314
8.565713 -0.192663
8.569714 -0.204981
8.573715 -0.217266
8.577716 -0.229517
8.581716 -0.241732
8.585717 -0.253909
8.589718 -0.266045
8.593719 -0.278140
8.597720 -0.290191
8.601720 -0.302196
8.605721 -0.314153
8.609722 -0.326060
8.613723 -0.337916
8.617724 -0.349718
8.621724 -0.361466
8.625725 -0.373156
8.629726 -0.384787
8.633727 -0.396358
8.637728 -0.407865
8.641728 -0.419309
8.645729 -0.430686
8.649730 -0.441995
8.653731 -0.453234
8.657732 -0.464402
8.661732 -0.475496
8.665733 -0.486516
8.669734 -0.497458
8.673735 -0.508322
8.677736 -0.519105
8.681736 -0.529807
8.685737 -0.540425
8.689738 -0.550957
8.693739 -0.561402
8.697740 -0.571759
8.701740 -0.582025
8.705741 -0.592200
8.709742 -0.602281
8.713743 -0.612266
8.717744 -0.622155
8.721744 -0.631946
8.725745 -0.641637
8.729746 -0.651226
8.733747 -0.660713
8.737748 -0.670095
8.741748 -0.679372
8.745749 -0.688541
8.749750 -0.697601
8.753751 -0.706551
8.757752 -0.715390
8.761752 -0.724115
8.765753 -0.732726
8.769754 -0.741221
8.773755 -0.749600
8.777756 -0.757859
8.781756 -0.766000
8.785757 -0.774019
8.789758 -0.781915
8.793759 -0.789689
8.797760 -0.797337
8.801760 -0.804860
8.805761 -0.812255
8.809762 -0.819522
8.813763 -0.826660
8.817764 -0.833667
8.821764 -0.840542
8.825765 -0.847285
8.829766 -0.853894
8.833767 -0.860368
8.837768 -0.866705
8.841768 -0.872906
8.845769 -0.878970
8.849770 -0.884894
8.853771 -0.890678
8.857772 -0.896322
8.861772 -0.901824
8.865773 -0.907184
8.869774 -0.912400
8.873775 -0.917472
8.877776 -0.922400
8.881776 -0.927181
8.885777 -0.931816
8.889778 -0.936304
8.893779 -0.940644
8.897780 -0.944836
8.901780 -0.948878
8.905781 -0.952770
8.909782 -0.956512
8.913783 -0.960102
8.917784 -0.963541
8.921784 -0.966828
8.925785 -0.969962
8.929786 -0.972943
8.933787 -0.975770
8.937788 -0.978443
8.941788 -0.980961
8.945789 -0.983325
8.949790 -0.985533
8.953791 -0.987585
8.957792 -0.989481
8.961792 -0.991221
8.965793 -0.992805
8.969794 -0.994231
8.973795 -0.995501
8.977796 -0.996613
8.981796 -0.997568
8.985797 -0.998365
8.989798 -0.999005
8.993799 -0.999486
8.997800 -0.999810
9.001800 -0.999976
9.005801 -0.999984
9.009802 -0.999834
9.013803 -0.999526
9.017804 -0.999060
9.021804 -0.998436
9.025805 -0.997655
9.029806 -0.996716
9.033807 -0.995619
9.037808 -0.994365
9.041808 -0.992954
9.045809 -0.991387
9.049810 -0.989662
9.053811 -0.987782
9.057812 -0.985745
9.061812 -0.983552
9.065813 -0.981204
9.069814 -0.978702
9.073815 -0.976044
9.077816 -0.973232
9.081816 -0.970267
9.085817 -0.967148
9.089818 -0.963877
9.093819 -0.960453
9.097820 -0.956878
9.101820 -0.953151
9.105821 -0.949274
9.109822 -0.945247
9.113823 -0.941070
9.117824 -0.936745
9.121824 -0.932272
9.125825 -0.927651
9.129826 -0.922884
9.133827 -0.917972
9.137828 -0.912914
9.141828 -0.907712
9.145829 -0.902366
9.149830 -0.896879
9.153831 -0.891249
9.157832 -0.885478
9.161832 -0.879568
9.165833 -0.873519
9.169834 -0.867332
9.173835 -0.861007
9.177836 -0.854547
9.181836 -0.847952
9.185837 -0.841223
9.189838 -0.834361
9.193839 -0.827367
9.197840 -0.820242
9.201840 -0.812988
9.205841 -0.805605
9.209842 -0.798095
9.213843 -0.790459
9.217844 -0.782698
9.221844 -0.774814
9.225845 -0.766807
9.229846 -0.758679
9.233847 -0.750431
9.237848 -0.742065
9.241848 -0.733581
9.245849 -0.724981
9.249850 -0.716267
9.253851 -0.707440
9.257852 -0.698501
9.261852 -0.689452
9.265853 -0.680293
9.269854 -0.671028
9.273855 -0.661656
9.277856 -0.652180
9.281856 -0.642600
9.285857 -0.632920
9.289858 -0.623139
9.293859 -0.613260
9.297860 -0.603283
9.301860 -0.593212
9.305861 -0.583047
9.309862 -0.572790
9.313863 -0.562442
9.317864 -0.552005
9.321864 -0.541482
9.325865 -0.530872
9.329866 -0.520179
9.333867 -0.509404
9.337868 -0.498548
9.341868 -0.487613
9.345869 -0.476602
9.349870 -0.465515
9.353871 -0.454354
9.357872 -0.443122
9.361872 -0.431820
9.365873 -0.420450
9.369874 -0.409013
9.373875 -0.397511
9.377876 -0.385947
9.381876 -0.374322
9.385877 -0.362637
9.389878 -0.350896
9.393879 -0.339099
9.397880 -0.327248
9.401880 -0.315346
9.405881 -0.303393
9.409882 -0.291393
9.413883 -0.279347
9.417884 -0.267257
9.421884 -0.255124
9.425885 -0.242952
9.429886 -0.230740
9.433887 -0.218493
9.437888 -0.206211
9.441888 -0.193896
9.445889 -0.181551
9.449890 -0.169177
9.453891 -0.156776
9.457892 -0.144350
9.461892 -0.131902
9.465893 -0.119433
9.469894 -0.106945
9.473895 -0.094440
9.477896 -0.081920
9.481896 -0.069387
9.485897 -0.056844
9.489898 -0.044291
9.493899 -0.031731
9.497900 -0.019166
9.501900 -0.006599
9.505901 0.005970
9.509902 0.018538
9.513903 0.031103
9.517904 0.043663
9.521904 0.056216
9.525905 0.068760
9.529906 0.081294
9.533907 0.093814
9.537908 0.106320
9.541908 0.118809
9.545909 0.131279
9.549910 0.143728
9.553911 0.156155
9.557912 0.168557
9.561912 0.180933
9.565913 0.193279
9.569914 0.205596
9.573915 0.217880
9.577916 0.230129
9.581916 0.242342
9.585917 0.254517
9.589918 0.266651
9.593919 0.278744
9.597920 0.290792
9.601920 0.302795
9.605921 0.314749
9.609922 0.326654
9.613923 0.338507
9.617924 0.350307
9.621924 0.362052
9.625925 0.373739
9.629926 0.385367
9.633927 0.396934
9.637928 0.408439
9.641928 0.419879
9.645929 0.431253
9.649930 0.442559
9.653931 0.453795
9.657932 0.464959
9.661932 0.476049
9.665933 0.487065
9.669934 0.498003
9.673935 0.508863
9.677936 0.519642
9.681936 0.530340
9.685937 0.540953
9.689938 0.551481
9.693939 0.561922
9.697940 0.572274
9.701940 0.582536
9.705941 0.592706
9.709942 0.602782
9.713943 0.612763
9.717944 0.622647
9.721944 0.632433
9.725945 0.642119
9.729946 0.651703
9.733947 0.661185
9.737948 0.670562
9.741948 0.679833
9.745949 0.688996
9.749950 0.698051
9.753951 0.706996
9.757952 0.715829
9.761952 0.724548
9.765953 0.733154
9.769954 0.741643
9.773955 0.750015
9.777956 0.758269
9.781956 0.766403
9.785957 0.774416
9.789958 0.782307
9.793959 0.790074
9.797960 0.797716
9.801960 0.805233
9.805961 0.812622
9.809962 0.819882
9.813963 0.827013
9.817964 0.834014
9.821964 0.840883
9.825965 0.847619
9.829966 0.854221
9.833967 0.860688
9.837968 0.867019
9.841968 0.873213
9.845969 0.879269
9.849970 0.885186
9.853971 0.890964
9.857972 0.896600
9.861972 0.902095
9.865973 0.907448
9.869974 0.912657
9.873975 0.917722
9.877976 0.922642
9.881976 0.927416
9.885977 0.932044
9.889978 0.936525
9.893979 0.940857
9.897980 0.945041
9.901980 0.949076
9.905981 0.952961
9.909982 0.956695
9.913983 0.960278
9.917984 0.963709
9.921984 0.966988
9.925985 0.970115
9.929986 0.973088
9.933987 0.975907
9.937988 0.978572
9.941988 0.981083
9.945989 0.983439
9.949990 0.985639
9.953991 0.987683
9.957992 0.989572
9.961992 0.991304
9.965993 0.992880
9.969994 0.994299
9.973995 0.995560
9.977996 0.996665
9.981996 0.997612
9.985997 0.998401
9.989998 0.999033
9.993999 0.999506
9.998000 0.999822
10.002000 0.999980
10.006001 0.999980
10.010002 0.999822
10.014003 0.999506
10.018004 0.999033
10.022004 0.998401
10.026005 0.997612
10.030006 0.996665
10.034007 0.995560
10.038008 0.994299
10.042008 0.992880
10.046009 0.991304
10.050010 0.989572
10.054011 0.987683
10.058012 0.985639
10.062012 0.983439
10.066013 0.981083
10.070014 0.978572
10.074015 0.975907
10.078016 0.973088
10.082016 0.970115
10.086017 0.966988
10.090018 0.963709
10.094019 0.960278
10.098020 0.956695
10.102020 0.952961
10.106021 0.949076
10.110022 0.945041
10.114023 0.940857
10.118024 0.936525
10.122024 0.932044
10.126025 0.927416
10.130026 0.922642
10.134027 0.917722
10.138028 0.912657
10.142028 0.907448
10.146029 0.902095
10.150030 0.896600
10.154031 0.890964
10.158032 0.885186
10.162032 0.879269
10.166033 0.873213
10.170034 0.867019
10.174035 0.860688
10.178036 0.854221
10.182036 0.847619
10.186037 0.840883
10.190038 0.834014
10.194039 0.827013
10.198040 0.819882
10.202040 0.812622
10.206041 0.805233
10.210042 0.797716
10.214043 0.790074
10.218044 0.782307
10.222044 0.774416
10.226045 0.766403
10.230046 0.758269
10.234047 0.750015
10.238048 0.741643
10.242048 0.733154
10.246049 0.724548
10.250050 0.715829
10.254051 0.706996
10.258052 0.698051
10.262052 0.688996
10.266053 0.679833
10.270054 0.670562
10.274055 0.661185
10.278056 0.651703
10.282056 0.642119
10.286057 0.632433
10.290058 0.622647
10.294059 0.612763
10.298060 0.602782
10.302060 0.592706
10.306061 0.582536
10.310062 0.572274
10.314063 0.561922
10.318064 0.551481
10.322064 0.540953
10.326065 0.530340
10.330066 0.519642
10.334067 0.508863
10.338068 0.498003
10.342068 0.487065
10.346069 0.476049
10.350070 0.464959
10.354071 0.453795
10.358072 0.442559
10.362072 0.431253
10.366073 0.419879
10.370074 0.408439
10.374075 0.396934
10.378076 0.385367
10.382076 0.373739
10.386077 0.362052
10.390078 0.350307
10.394079 0.338507
10.398080 0.326654
10.402080 0.314749
10.406081 0.302795
10.410082 0.290792
10.414083 0.278744
10.418084 0.266651
10.422084 0.254517
10.426085 0.242342
10.430086 0.230129
10.434087 0.217880
10.438088 0.205596
10.442088 0.193279
10.446089 0.180933
10.450090 0.168557
10.454091 0.156155
10.458092 0.143728
10.462092 0.131279
10.466093 0.118809
10.470094 0.106320
10.474095 0.093814
10.478096 0.081294
10.482096 0.068760
10.486097 0.056216
10.490098 0.043663
10.494099 0.031103
10.498100 0.018538
10.502100 0.005970
10.506101 -0.006599
10.510102 -0.019166
10.514103 -0.031731
10.518104 -0.044291
10.522104 -0.056844
10.526105 -0.069387
10.530106 -0.081920
10.534107 -0.094440
10.538108 -0.106945
10.542108 -0.119433
10.546109 -0.131902
10.550110 -0.144350
10.554111 -0.156776
10.558112 -0.169177
10.562112 -0.181551
10.566113 -0.193896
10.570114 -0.206211
10.574115 -0.218493
10.578116 -0.230740
10.582116 -0.242952
10.586117 -0.255124
10.590118 -0.267257
10.594119 -0.279347
10.598120 -0.291393
10.602120 -0.303393
10.606121 -0.315346
10.610122 -0.327248
10.614123 -0.339099
10.618124 -0.350896
10.622124 -0.362637
10.626125 -0.374322
10.630126 -0.385947
10.634127 -0.397511
10.638128 -0.409013
10.642128 -0.420450
10.646129 -0.431820
10.650130 -0.443122
10.654131 -0.454354
10.658132 -0.465515
10.662132 -0.476602
10.666133 -0.487613
10.670134 -0.498548
10.674135 -0.509404
10.678136 -0.520179
10.682136 -0.530872
10.686137 -0.541482
10.690138 -0.552005
10.694139 -0.562442
10.698140 -0.572790
10.702140 -0.583047
10.706141 -0.593212
10.710142 -0.603283
10.714143 -0.613260
10.718144 -0.623139
10.722144 -0.632920
10.726145 -0.642600
10.730146 -0.652180
10.734147 -0.661656
10.738148 -0.671028
10.742148 -0.680293
10.746149 -0.689452
10.750150 -0.698501
10.754151 -0.707440
10.758152 -0.716267
10.762152 -0.724981
10.766153 -0.733581
10.770154 -0.742065
10.774155 -0.750431
10.778156 -0.758679
10.782156 -0.766807
10.786157 -0.774814
10.790158 -0.782698
10.794159 -0.790459
10.798160 -0.798095
10.802160 -0.805605
10.806161 -0.812988
10.810162 -0.820242
10.814163 -0.827367
10.818164 -0.834361
10.822164 -0.841223
10.826165 -0.847952
10.830166 -0.854547
10.834167 -0.861007
10.838168 -0.867332
10.842168 -0.873519
10.846169 -0.879568
10.850170 -0.885478
10.854171 -0.891249
10.858172 -0.896879
10.862172 -0.902366
10.866173 -0.907712
10.870174 -0.912914
10.874175 -0.917972
10.878176 -0.922884
10.882176 -0.927651
10.886177 -0.932272
10.890178 -0.936745
10.894179 -0.941070
10.898180 -0.945247
10.902180 -0.949274
10.906181 -0.953151
10.910182 -0.956878
10.914183 -0.960453
10.918184 -0.963877
10.922184 -0.967148
10.926185 -0.970267
10.930186 -0.973232
10.934187 -0.976044
10.938188 -0.978702
10.942188 -0.981204
10.946189 -0.983552
10.950190 -0.985745
10.954191 -0.987782
10.958192 -0.989662
10.962192 -0.991387
10.966193 -0.992954
10.970194 -0.994365
10.974195 -0.995619
10.978196 -0.996716
10.982196 -0.997655
10.986197 -0.998436
10.990198 -0.999060
10.994199 -0.999526
10.998200 -0.999834
11.002200 -0.999984
11.006201 -0.999976
11.010202 -0.999810
11.014203 -0.999486
11.018204 -0.999005
11.022204 -0.998365
11.026205 -0.997568
11.030206 -0.996613
11.034207 -0.995501
11.038208 -0.994231
11.042208 -0.992805
11.046209 -0.991221
11.050210 -0.989481
11.054211 -0.987585
11.058212 -0.985533
11.062212 -0.983325
11.066213 -0.980961
11.070214 -0.978443
11.074215 -0.975770
11.078216 -0.972943
11.082216 -0.969962
11.086217 -0.966828
11.090218 -0.963541
11.094219 -0.960102
11.098220 -0.956512
11.102220 -0.952770
11.106221 -0.948878
11.110222 -0.944836
11.114223 -0.940644
11.118224 -0.936304
11.122224 -0.931816
11.126225 -0.927181
11.130226 -0.922400
11.134227 -0.917472
11.138228 -0.912400
11.142228 -0.907184
11.146229 -0.901824
11.150230 -0.896322
11.154231 -0.890678
11.158232 -0.884894
11.162232 -0.878970
11.166233 -0.872906
11.170234 -0.866705
11.174235 -0.860368
11.178236 -0.853894
11.182236 -0.847285
11.186237 -0.840542
11.190238 -0.833667
11.194239 -0.826660
11.198240 -0.819522
11.202240 -0.812255
11.206241 -0.804860
11.210242 -0.797337
11.214243 -0.789689
11.218244 -0.781915
11.222244 -0.774019
11.226245 -0.766000
11.230246 -0.757859
11.234247 -0.749600
11.238248 -0.741221
11.242248 -0.732726
11.246249 -0.724115
11.250250 -0.715390
11.254251 -0.706551
11.258252 -0.697601
11.262252 -0.688541
11.266253 -0.679372
11.270254 -0.670095
11.274255 -0.660713
11.278256 -0.651226
11.282256 -0.641637
11.286257 -0.631946
11.290258 -0.622155
11.294259 -0.612266
11.298260 -0.602281
11.302260 -0.592200
11.306261 -0.582025
11.310262 -0.571759
11.314263 -0.561402
11.318264 -0.550957
11.322264 -0.540425
11.326265 -0.529807
11.330266 -0.519105
11.334267 -0.508322
11.338268 -0.497458
11.342268 -0.486516
11.346269 -0.475496
11.350270 -0.464402
11.354271 -0.453234
11.358272 -0.441995
11.362272 -0.430686
11.366273 -0.419309
11.370274 -0.407865
11.374275 -0.396358
11.378276 -0.384787
11.382276 -0.373156
11.386277 -0.361466
11.390278 -0.349718
11.394279 -0.337916
11.398280 -0.326060
11.402280 -0.314153
11.406281 -0.302196
11.410282 -0.290191
11.414283 -0.278140
11.418284 -0.266045
11.422284 -0.253909
11.426285 -0.241732
11.430286 -0.229517
11.434287 -0.217266
11.438288 -0.204981
11.442288 -0.192663
11.446289 -0.180314
11.450290 -0.167938
11.454291 -0.155534
11.458292 -0.143106
11.462292 -0.130656
11.466293 -0.118185
11.470294 -0.105695
11.474295 -0.093189
11.478296 -0.080667
11.482296 -0.068133
11.486297 -0.055589
11.490298 -0.043035
11.494299 -0.030475
11.498300 -0.017910
11.502300 -0.005342
11.506301 0.007227
11.510302 0.019795
11.514303 0.032359
11.518304 0.044919
11.522304 0.057471
11.526305 0.070014
11.530306 0.082546
11.534307 0.095066
11.538308 0.107570
11.542308 0.120057
11.546309 0.132525
11.550310 0.144972
11.554311 0.157396
11.558312 0.169796
11.562312 0.182169
11.566313 0.194512
11.570314 0.206826
11.574315 0.219106
11.578316 0.231352
11.582316 0.243561
11.586317 0.255732
11.590318 0.267862
11.594319 0.279951
11.598320 0.291994
11.602320 0.303992
11.606321 0.315942
11.610322 0.327842
11.614323 0.339690
11.618324 0.351484
11.622324 0.363223
11.626325 0.374904
11.630326 0.386527
11.634327 0.398088
11.638328 0.409586
11.642328 0.421020
11.646329 0.432387
11.650330 0.443685
11.654331 0.454914
11.658332 0.466071
11.662332 0.477154
11.666333 0.488162
11.670334 0.499093
11.674335 0.509944
11.678336 0.520716
11.682336 0.531405
11.686337 0.542010
11.690338 0.552529
11.694339 0.562961
11.698340 0.573305
11.702340 0.583557
11.706341 0.593718
11.710342 0.603785
11.714343 0.613756
11.718344 0.623630
11.722344 0.633406
11.726345 0.643082
11.730346 0.652656
11.734347 0.662127
11.738348 0.671493
11.742348 0.680754
11.746349 0.689907
11.750350 0.698951
11.754351 0.707884
11.758352 0.716706
11.762352 0.725414
11.766353 0.734008
11.770354 0.742486
11.774355 0.750846
11.778356 0.759088
11.782356 0.767210
11.786357 0.775211
11.790358 0.783089
11.794359 0.790844
11.798360 0.798474
11.802360 0.805977
11.806361 0.813354
11.810362 0.820601
11.814363 0.827719
11.818364 0.834707
11.822364 0.841562
11.826365 0.848285
11.830366 0.854873
11.834367 0.861327
11.838368 0.867644
11.842368 0.873825
11.846369 0.879867
11.850370 0.885770
11.854371 0.891534
11.858372 0.897156
11.862372 0.902637
11.866373 0.907975
11.870374 0.913170
11.874375 0.918221
11.878376 0.923126
11.882376 0.927886
11.886377 0.932499
11.890378 0.936965
11.894379 0.941282
11.898380 0.945451
11.902380 0.949471
11.906381 0.953341
11.910382 0.957060
11.914383 0.960628
11.918384 0.964044
11.922384 0.967308
11.926385 0.970419
11.930386 0.973377
11.934387 0.976181
11.938388 0.978830
11.942388 0.981326
11.946389 0.983666
11.950390 0.985850
11.954391 0.987879
11.958392 0.989752
11.962392 0.991469
11.966393 0.993029
11.970394 0.994432
11.974395 0.995678
11.978396 0.996766
11.982396 0.997698
11.986397 0.998471
11.990398 0.999087
11.994399 0.999545
11.998400 0.999845
12.002400 0.999987
12.006401 0.999972
12.010402 0.999798
12.014403 0.999466
12.018404 0.998976
12.022404 0.998329
12.026405 0.997524
12.030406 0.996561
12.034407 0.995441
12.038408 0.994164
12.042408 0.992729
12.046409 0.991138
12.050410 0.989390
12.054411 0.987486
12.058412 0.985426
12.062412 0.983210
12.066413 0.980839
12.070414 0.978313
12.074415 0.975632
12.078416 0.972797
12.082416 0.969809
12.086417 0.966667
12.090418 0.963373
12.094419 0.959926
12.098420 0.956328
12.102420 0.952579
12.106421 0.948679
12.110422 0.944630
12.114423 0.940431
12.118424 0.936083
12.122424 0.931588
12.126425 0.926946
12.130426 0.922157
12.134427 0.917222
12.138428 0.912143
12.142428 0.906919
12.146429 0.901552
12.150430 0.896043
12.154431 0.890392
12.158432 0.884601
12.162432 0.878670
12.166433 0.872600
12.170434 0.866392
12.174435 0.860047
12.178436 0.853566
12.182436 0.846951
12.186437 0.840202
12.190438 0.833320
12.194439 0.826306
12.198440 0.819162
12.202440 0.811889
12.206441 0.804487
12.210442 0.796958
12.214443 0.789303
12.218444 0.781524
12.222444 0.773621
12.226445 0.765595
12.230446 0.757449
12.234447 0.749184
12.238448 0.740799
12.242448 0.732298
12.246449 0.723681
12.250450 0.714950
12.254451 0.706106
12.258452 0.697151
12.262452 0.688085
12.266453 0.678910
12.270454 0.669629
12.274455 0.660241
12.278456 0.650749
12.282456 0.641155
12.286457 0.631459
12.290458 0.621663
12.294459 0.611769
12.298460 0.601779
12.302460 0.591693
12.306461 0.581514
12.310462 0.571243
12.314463 0.560882
12.318464 0.550432
12.322464 0.539896
12.326465 0.529274
12.330466 0.518568
12.334467 0.507781
12.338468 0.496913
12.342468 0.485967
12.346469 0.474943
12.350470 0.463845
12.354471 0.452674
12.358472 0.441431
12.362472 0.430119
12.366473 0.418738
12.370474 0.407292
12.374475 0.395781
12.378476 0.384207
12.382476 0.372573
12.386477 0.360880
12.390478 0.349130
12.394479 0.337324
12.398480 0.325466
12.402480 0.313556
12.406481 0.301596
12.410482 0.289589
12.414483 0.277536
12.418484 0.265440
12.422484 0.253301
12.426485 0.241122
12.430486 0.228906
12.434487 0.216653
12.438488 0.204365
12.442488 0.192046
12.446489 0.179696
12.450490 0.167318
12.454491 0.154914
12.458492 0.142484
12.462492 0.130033
12.466493 0.117561
12.470494 0.105070
12.474495 0.092563
12.478496 0.080041
12.482496 0.067506
12.486497 0.054961
12.490498 0.042407
12.494499 0.029847
12.498500 0.017281
12.502501 0.004713
12.506501 -0.007855
12.510502 -0.020423
12.514503 -0.032987
12.518504 -0.045546
12.522505 -0.058098
12.526505 -0.070641
12.530506 -0.083173
12.534507 -0.095691
12.538508 -0.108194
12.542509 -0.120681
12.546509 -0.133148
12.550510 -0.145594
12.554511 -0.158017
12.558512 -0.170415
12.562513 -0.182786
12.566513 -0.195129
12.570514 -0.207440
12.574515 -0.219719
12.578516 -0.231963
12.582517 -0.244171
12.586517 -0.256339
12.590518 -0.268468
12.594519 -0.280554
12.598520 -0.292595
12.602521 -0.304591
12.606521 -0.316538
12.610522 -0.328435
12.614523 -0.340281
12.618524 -0.352072
12.622525 -0.363808
12.626525 -0.375487
12.630526 -0.387106
12.634527 -0.398664
12.638528 -0.410159
12.642529 -0.421590
12.646529 -0.432953
12.650530 -0.444249
12.654531 -0.455474
12.658532 -0.466627
12.662533 -0.477706
12.666533 -0.488710
12.670534 -0.499637
12.674535 -0.510485
12.678536 -0.521252
12.682537 -0.531937
12.686537 -0.542538
12.690538 -0.553053
12.694539 -0.563481
12.698540 -0.573820
12.702541 -0.584068
12.706541 -0.594223
12.710542 -0.604285
12.714543 -0.614252
12.718544 -0.624121
12.722545 -0.633892
12.726545 -0.643563
12.730546 -0.653132
12.734547 -0.662598
12.738548 -0.671959
12.742549 -0.681214
12.746549 -0.690362
12.750550 -0.699400
12.754551 -0.708328
12.758552 -0.717144
12.762553 -0.725846
12.766553 -0.734434
12.770554 -0.742906
12.774555 -0.751261
12.778556 -0.759497
12.782557 -0.767613
12.786557 -0.775608
12.790558 -0.783480
12.794559 -0.791228
12.798560 -0.798852
12.802561 -0.806349
12.806561 -0.813719
12.810562 -0.820960
12.814563 -0.828072
12.818564 -0.835053
12.822565 -0.841902
12.826565 -0.848617
12.830566 -0.855199
12.834567 -0.861646
12.838568 -0.867957
12.842569 -0.874130
12.846569 -0.880165
12.850570 -0.886062
12.854571 -0.891818
12.858572 -0.897434
12.862573 -0.902907
12.866573 -0.908239
12.870574 -0.913426
12.874575 -0.918469
12.878576 -0.923368
12.882577 -0.928120
12.886577 -0.932726
12.890578 -0.937184
12.894579 -0.941494
12.898580 -0.945656
12.902581 -0.949668
12.906581 -0.953530
12.910582 -0.957242
12.914583 -0.960802
12.918584 -0.964211
12.922585 -0.967467
12.926585 -0.970570
12.930586 -0.973521
12.934587 -0.976317
12.938588 -0.978959
12.942589 -0.981446
12.946589 -0.983779
12.950590 -0.985955
12.954591 -0.987977
12.958592 -0.989842
12.962593 -0.991550
12.966593 -0.993103
12.970594 -0.994498
12.974595 -0.995736
12.978596 -0.996817
12.982597 -0.997740
12.986597 -0.998506
12.990598 -0.999114
12.994599 -0.999564
12.998600 -0.999856
13.002601 -0.999990
13.006601 -0.999967
13.010602 -0.999785
13.014603 -0.999445
13.018604 -0.998948
13.022605 -0.998293
13.026605 -0.997480
13.030606 -0.996509
13.034607 -0.995381
13.038608 -0.994096
13.042609 -0.992653
13.046609 -0.991054
13.050610 -0.989299
13.054611 -0.987387
13.058612 -0.985319
13.062613 -0.983095
13.066613 -0.980716
13.070614 -0.978182
13.074615 -0.975494
13.078616 -0.972652
13.082617 -0.969656
13.086617 -0.966506
13.090618 -0.963204
13.094619 -0.959750
13.098620 -0.956144
13.102621 -0.952388
13.106621 -0.948480
13.110622 -0.944423
13.114623 -0.940217
13.118624 -0.935862
13.122625 -0.931359
13.126625 -0.926710
13.130626 -0.921913
13.134627 -0.916972
13.138628 -0.911885
13.142629 -0.906654
13.146629 -0.901280
13.150630 -0.895764
13.154631 -0.890106
13.158632 -0.884308
13.162633 -0.878369
13.166633 -0.872292
13.170634 -0.866078
13.174635 -0.859726
13.178636 -0.853239
13.182637 -0.846617
13.186637 -0.839861
13.190638 -0.832972
13.194639 -0.825952
13.198640 -0.818801
13.202641 -0.811521
13.206641 -0.804113
13.210642 -0.796578
13.214643 -0.788917
13.218644 -0.781131
13.222645 -0.773222
13.226645 -0.765191
13.230646 -0.757039
13.234647 -0.748767
13.238648 -0.740377
13.242649 -0.731870
13.246649 -0.723248
13.250650 -0.714511
13.254651 -0.705661
13.258652 -0.696700
13.262653 -0.687629
13.266653 -0.678449
13.270654 -0.669162
13.274655 -0.659769
13.278656 -0.650272
13.282657 -0.640672
13.286657 -0.630971
13.290658 -0.621171
13.294659 -0.611272
13.298660 -0.601277
13.302661 -0.591186
13.306661 -0.581003
13.310662 -0.570727
13.314663 -0.560362
13.318664 -0.549908
13.322665 -0.539367
13.326665 -0.528740
13.330666 -0.518031
13.334667 -0.507239
13.338668 -0.496367
13.342669 -0.485417
13.346669 -0.474390
13.350670 -0.463289
13.354671 -0.452114
13.358672 -0.440867
13.362673 -0.429551
13.366673 -0.418167
13.370674 -0.406718
13.374675 -0.395203
13.378676 -0.383627
13.382677 -0.371990
13.386677 -0.360294
13.390678 -0.348541
13.394679 -0.336733
13.398680 -0.324872
13.402681 -0.312959
13.406681 -0.300997
13.410682 -0.288988
13.414683 -0.276933
13.418684 -0.264834
13.422685 -0.252693
13.426685 -0.240512
13.430686 -0.228294
13.434687 -0.216039
13.438688 -0.203750
13.442689 -0.191429
13.446689 -0.179078
13.450690 -0.166699
13.454691 -0.154293
13.458692 -0.141862
13.462693 -0.129410
13.466693 -0.116937
13.470694 -0.104445
13.474695 -0.091937
13.478696 -0.079414
13.482697 -0.066879
13.486697 -0.054334
13.490698 -0.041779
13.494699 -0.029218
13.498700 -0.016653
13.502701 -0.004085
13.506701 0.008484
13.510702 0.021051
13.514703 0.033615
13.518704 0.046174
13.522705 0.058726
13.526705 0.071268
13.530706 0.083799
13.534707 0.096317
13.538708 0.108819
13.542709 0.121304
13.546709 0.133771
13.550710 0.146216
13.554711 0.158638
13.558712 0.171034
13.562713 0.183404
13.566713 0.195745
13.570714 0.208055
13.574715 0.220332
13.578716 0.232574
13.582717 0.244780
13.586717 0.256947
13.590718 0.269073
13.594719 0.281157
13.598720 0.293196
13.602721 0.305189
13.606721 0.317134
13.610722 0.329029
13.614723 0.340872
13.618724 0.352661
13.622725 0.364394
13.626725 0.376069
13.630726 0.387686
13.634727 0.399240
13.638728 0.410732
13.642729 0.422159
13.646729 0.433520
13.650730 0.444812
13.654731 0.456033
13.658732 0.467183
13.662733 0.478258
13.666733 0.489259
13.670734 0.500181
13.674735 0.511025
13.678736 0.521788
13.682737 0.532469
13.686737 0.543066
13.690738 0.553576
13.694739 0.564000
13.698740 0.574334
13.702741 0.584578
13.706741 0.594729
13.710742 0.604786
13.714743 0.614748
13.718744 0.624612
13.722745 0.634378
13.726745 0.644044
13.730746 0.653608
13.734747 0.663068
13.738748 0.672424
13.742749 0.681674
13.746749 0.690816
13.750750 0.699849
13.754751 0.708771
13.758752 0.717582
13.762753 0.726279
13.766753 0.734861
13.770754 0.743327
13.774755 0.751676
13.778756 0.759906
13.782757 0.768016
13.786757 0.776004
13.790758 0.783870
13.794759 0.791613
13.798760 0.799230
13.802761 0.806721
13.806761 0.814084
13.810762 0.821319
13.814763 0.828424
13.818764 0.835398
13.822765 0.842241
13.826765 0.848950
13.830766 0.855525
13.834767 0.861965
13.838768 0.868269
13.842769 0.874435
13.846769 0.880464
13.850770 0.886353
13.854771 0.892102
13.858772 0.897711
13.862773 0.903177
13.866773 0.908501
13.870774 0.913682
13.874775 0.918718
13.878776 0.923609
13.882777 0.928354
13.886777 0.932952
13.890778 0.937403
13.894779 0.941706
13.898780 0.945860
13.902781 0.949865
13.906781 0.953720
13.910782 0.957424
13.914783 0.960976
13.918784 0.964377
13.922785 0.967626
13.926785 0.970722
13.930786 0.973664
13.934787 0.976453
13.938788 0.979087
13.942789 0.981567
13.946789 0.983891
13.950790 0.986060
13.954791 0.988074
13.958792 0.989931
13.962793 0.991632
13.966793 0.993176
13.970794 0.994563
13.974795 0.995794
13.978796 0.996867
13.982797 0.997782
13.986797 0.998540
13.990798 0.999140
13.994799 0.999582
13.998800 0.999867
14.002801 0.999993
14.006801 0.999961
14.010802 0.999772
14.014803 0.999424
14.018804 0.998919
14.022805 0.998256
14.026805 0.997435
14.030806 0.996456
14.034807 0.995320
14.038808 0.994027
14.042809 0.992577
14.046809 0.990970
14.050810 0.989207
14.054811 0.987287
14.058812 0.985211
14.062813 0.982980
14.066813 0.980593
14.070814 0.978052
14.074815 0.975356
14.078816 0.972505
14.082817 0.969502
14.086817 0.966345
14.090818 0.963035
14.094819 0.959573
14.098820 0.955960
14.102821 0.952196
14.106821 0.948281
14.110822 0.944216
14.114823 0.940003
14.118824 0.935640
14.122825 0.931130
14.126825 0.926473
14.130826 0.921670
14.134827 0.916721
14.138828 0.911627
14.142829 0.906389
14.146829 0.901008
14.150830 0.895484
14.154831 0.889819
14.158832 0.884014
14.162833 0.878069
14.166833 0.871985
14.170834 0.865763
14.174835 0.859405
14.178836 0.852911
14.182837 0.846282
14.186837 0.839520
14.190838 0.832624
14.194839 0.825598
14.198840 0.818441
14.202841 0.811154
14.206841 0.803740
14.210842 0.796198
14.214843 0.788531
14.218844 0.780739
14.222845 0.772824
14.226845 0.764786
14.230846 0.756628
14.234847 0.748350
14.238848 0.739955
14.242849 0.731442
14.246849 0.722813
14.250850 0.714071
14.254851 0.705216
14.258852 0.696249
14.262853 0.687172
14.266853 0.677987
14.270854 0.668695
14.274855 0.659297
14.278856 0.649794
14.282857 0.640190
14.286857 0.630484
14.290858 0.620678
14.294859 0.610775
14.298860 0.600774
14.302861 0.590679
14.306861 0.580491
14.310862 0.570211
14.314863 0.559841
14.318864 0.549383
14.322865 0.538837
14.326865 0.528207
14.330866 0.517493
14.334867 0.506697
14.338868 0.495822
14.342869 0.484868
14.346869 0.473837
14.350870 0.462732
14.354871 0.451553
14.358872 0.440303
14.362873 0.428984
14.366873 0.417596
14.370874 0.406143
14.374875 0.394626
14.378876 0.383046
14.382877 0.371406
14.386877 0.359707
14.390878 0.347952
14.394879 0.336141
14.398880 0.324277
14.402881 0.312362
14.406881 0.300398
14.410882 0.288386
14.414883 0.276329
14.418884 0.264228
14.422885 0.252085
14.426885 0.239902
14.430886 0.227682
14.434887 0.215425
14.438888 0.203135
14.442889 0.190812
14.446889 0.178460
14.450890 0.166079
14.454891 0.153672
14.458892 0.141240
14.462893 0.128787
14.466893 0.116313
14.470894 0.103820
14.474895 0.091311
14.478896 0.078788
14.482897 0.066252
14.486897 0.053706
14.490898 0.041151
14.494899 0.028590
14.498900 0.016025
14.502901 0.003456
14.506901 -0.009112
14.510902 -0.021680
14.514903 -0.034244
14.518904 -0.046802
14.522905 -0.059353
14.526905 -0.071895
14.530906 -0.084425
14.534907 -0.096942
14.538908 -0.109444
14.542909 -0.121928
14.546909 -0.134393
14.550910 -0.146837
14.554911 -0.159258
14.558912 -0.171654
14.562913 -0.184022
14.566913 -0.196361
14.570914 -0.208670
14.574915 -0.220945
14.578916 -0.233186
14.582917 -0.245389
14.586917 -0.257554
14.590918 -0.269678
14.594919 -0.281760
14.598920 -0.293797
14.602921 -0.305788
14.606921 -0.317730
14.610922 -0.329622
14.614923 -0.341462
14.618924 -0.353249
14.622925 -0.364979
14.626925 -0.376652
14.630926 -0.388265
14.634927 -0.399817
14.638928 -0.411305
14.642929 -0.422729
14.646929 -0.434086
14.650930 -0.445374
14.654931 -0.456592
14.658932 -0.467738
14.662933 -0.478810
14.666933 -0.489807
14.670934 -0.500725
14.674935 -0.511565
14.678936 -0.522324
14.682937 -0.533001
14.686937 -0.543593
14.690938 -0.554100
14.694939 -0.564519
14.698940 -0.574848
14.702941 -0.585087
14.706941 -0.595234
14.710942 -0.605286
14.714943 -0.615243
14.718944 -0.625103
14.722945 -0.634864
14.726945 -0.644524
14.730946 -0.654083
14.734947 -0.663539
14.738948 -0.672889
14.742949 -0.682134
14.746949 -0.691270
14.750950 -0.700298
14.754951 -0.709214
14.758952 -0.718019
14.762953 -0.726710
14.766953 -0.735287
14.770954 -0.743747
14.774955 -0.752090
14.778956 -0.760314
14.782957 -0.768418
14.786957 -0.776401
14.790958 -0.784260
14.794959 -0.791996
14.798960 -0.799607
14.802961 -0.807092
14.806961 -0.814449
14.810962 -0.821677
14.814963 -0.828776
14.818964 -0.835744
14.822965 -0.842579
14.826965 -0.849282
14.830966 -0.855850
14.834967 -0.862283
14.838968 -0.868580
14.842969 -0.874740
14.846969 -0.880761
14.850970 -0.886644
14.854971 -0.892386
14.858972 -0.897987
14.862973 -0.903447
14.866973 -0.908764
14.870974 -0.913937
14.874975 -0.918966
14.878976 -0.923849
14.882977 -0.928587
14.886977 -0.933178
14.890978 -0.937622
14.894979 -0.941917
14.898980 -0.946064
14.902981 -0.950061
14.906981 -0.953908
14.910982 -0.957605
14.914983 -0.961150
14.918984 -0.964543
14.922985 -0.967784
14.926985 -0.970872
14.930986 -0.973807
14.934987 -0.976588
14.938988 -0.979215
14.942989 -0.981686
14.946989 -0.984003
14.950990 -0.986165
14.954991 -0.988170
14.958992 -0.990020
14.962993 -0.991713
14.966993 -0.993249
14.970994 -0.994629
14.974995 -0.995851
14.978996 -0.996916
14.982997 -0.997824
14.986997 -0.998574
14.990998 -0.999166
14.994999 -0.999600
14.999000 -0.999877
15.003001 -0.999995
15.007001 -0.999956
15.011002 -0.999758
15.015003 -0.999403
15.019004 -0.998889
15.023005 -0.998218
15.027005 -0.997390
15.031006 -0.996403
15.035007 -0.995260
15.039008 -0.993959
15.043009 -0.992501
15.047009 -0.990886
15.051010 -0.989114
15.055011 -0.987187
15.059012 -0.985103
15.063013 -0.982864
15.067013 -0.980470
15.071014 -0.977921
15.075015 -0.975217
15.079016 -0.972359
15.083017 -0.969347
15.087017 -0.966183
15.091018 -0.962866
15.095019 -0.959396
15.099020 -0.955775
15.103021 -0.952004
15.107021 -0.948081
15.111022 -0.944009
15.115023 -0.939788
15.119024 -0.935418
15.123025 -0.930901
15.127025 -0.926237
15.131026 -0.921426
15.135027 -0.916469
15.139028 -0.911368
15.143029 -0.906123
15.147029 -0.900735
15.151030 -0.895204
15.155031 -0.889533
15.159032 -0.883720
15.163033 -0.877768
15.167033 -0.871677
15.171034 -0.865449
15.175035 -0.859084
15.179036 -0.852583
15.183037 -0.845947
15.187037 -0.839178
15.191038 -0.832276
15.195039 -0.825243
15.199040 -0.818079
15.203041 -0.810786
15.207041 -0.803365
15.211042 -0.795818
15.215043 -0.788144
15.219044 -0.780346
15.223045 -0.772425
15.227045 -0.764381
15.231046 -0.756217
15.235047 -0.747933
15.239048 -0.739532
15.243049 -0.731013
15.247049 -0.722379
15.251050 -0.713631
15.255051 -0.704770
15.259052 -0.695798
15.263053 -0.686716
15.267053 -0.677525
15.271054 -0.668227
15.275055 -0.658824
15.279056 -0.649317
15.283057 -0.639707
15.287057 -0.629996
15.291058 -0.620185
15.295059 -0.610277
15.299060 -0.600272
15.303061 -0.590172
15.307061 -0.579979
15.311062 -0.569695
15.315063 -0.559320
15.319064 -0.548857
15.323065 -0.538308
15.327065 -0.527673
15.331066 -0.516955
15.335067 -0.506155
15.339068 -0.495276
15.343069 -0.484318
15.347069 -0.473284
15.351070 -0.462174
15.355071 -0.450992
15.359072 -0.439739
15.363073 -0.428416
15.367073 -0.417025
15.371074 -0.405569
15.375075 -0.394048
15.379076 -0.382466
15.383077 -0.370823
15.387077 -0.359121
15.391078 -0.347362
15.395079 -0.335549
15.399080 -0.323683
15.403081 -0.311765
15.407081 -0.299798
15.411082 -0.287784
15.415083 -0.275725
15.419084 -0.263621
15.423085 -0.251477
15.427085 -0.239292
15.431086 -0.227070
15.435087 -0.214812
15.439088 -0.202520
15.443089 -0.190195
15.447089 -0.177841
15.451090 -0.165459
15.455091 -0.153051
15.459092 -0.140618
15.463093 -0.128163
15.467093 -0.115688
15.471094 -0.103195
15.475095 -0.090685
15.479096 -0.078162
15.483097 -0.065625
15.487097 -0.053079
15.491098 -0.040524
15.495099 -0.027962
15.499100 -0.015396
15.503101 -0.002828
15.507101 0.009741
15.511102 0.022308
15.515103 0.034872
15.519104 0.047430
15.523105 0.059980
15.527105 0.072522
15.531106 0.085051
15.535107 0.097568
15.539108 0.110068
15.543109 0.122552
15.547109 0.135016
15.551110 0.147459
15.555111 0.159878
15.559112 0.172273
15.563113 0.184640
15.567113 0.196978
15.571114 0.209284
15.575115 0.221558
15.579116 0.233797
15.583117 0.245998
15.587117 0.258161
15.591118 0.270283
15.595119 0.282363
15.599120 0.294398
15.603121 0.306386
15.607121 0.318326
15.611122 0.330216
15.615123 0.342053
15.619124 0.353836
15.623125 0.365564
15.627125 0.377234
15.631126 0.388844
15.635127 0.400393
15.639128 0.411878
15.643129 0.423298
15.647129 0.434652
15.651130 0.445937
15.655131 0.457151
15.659132 0.468294
15.663133 0.479362
15.667133 0.490354
15.671134 0.501269
15.675135 0.512105
15.679136 0.522860
15.683137 0.533533
15.687137 0.544121
15.691138 0.554623
15.695139 0.565037
15.699140 0.575363
15.703141 0.585597
15.707141 0.595739
15.711142 0.605786
15.715143 0.615739
15.719144 0.625593
15.723145 0.635349
15.727145 0.645005
15.731146 0.654558
15.735147 0.664009
15.739148 0.673354
15.743149 0.682593
15.747149 0.691724
15.751150 0.700746
15.755151 0.709657
15.759152 0.718456
15.763153 0.727142
15.767153 0.735713
15.771154 0.744167
15.775155 0.752504
15.779156 0.760722
15.783157 0.768820
15.787157 0.776796
15.791158 0.784650
15.795159 0.792380
15.799160 0.799985
15.803161 0.807463
15.807161 0.814813
15.811162 0.822035
15.815163 0.829127
15.819164 0.836088
15.823165 0.842917
15.827165 0.849613
15.831166 0.856175
15.835167 0.862601
15.839168 0.868891
15.843169 0.875044
15.847169 0.881059
15.851170 0.886934
15.855171 0.892670
15.859172 0.898264
15.863173 0.903716
15.867173 0.909026
15.871174 0.914192
15.875175 0.919213
15.879176 0.924090
15.883177 0.928820
15.887177 0.933404
15.891178 0.937840
15.895179 0.942128
15.899180 0.946267
15.903181 0.950257
15.907181 0.954097
15.911182 0.957786
15.915183 0.961323
15.919184 0.964709
15.923185 0.967942
15.927185 0.971023
15.931186 0.973950
15.935187 0.976723
15.939188 0.979342
15.943189 0.981806
15.947189 0.984115
15.951190 0.986269
15.955191 0.988266
15.959192 0.990108
15.963193 0.991793
15.967193 0.993322
15.971194 0.994694
15.975195 0.995908
15.979196 0.996965
15.983197 0.997865
15.987197 0.998607
15.991198 0.999191
15.995199 0.999618
15.999200 0.999886
16.003201 0.999997
16.007201 0.999949
16.011202 0.999744
16.015203 0.999381
16.019204 0.998860
16.023205 0.998181
16.027205 0.997344
16.031206 0.996350
16.035207 0.995198
16.039208 0.993889
16.043209 0.992424
16.047209 0.990801
16.051210 0.989022
16.055211 0.987086
16.059212 0.984995
16.063213 0.982748
16.067213 0.980346
16.071214 0.977789
16.075215 0.975078
16.079216 0.972212
16.083217 0.969193
16.087217 0.966021
16.091218 0.962696
16.095219 0.959219
16.099220 0.955590
16.103221 0.951811
16.107221 0.947881
16.111222 0.943802
16.115223 0.939573
16.119224 0.935196
16.123225 0.930671
16.127225 0.926000
16.131226 0.921181
16.135227 0.916218
16.139228 0.911110
16.143229 0.905857
16.147229 0.900462
16.151230 0.894924
16.155231 0.889245
16.159232 0.883426
16.163233 0.877467
16.167233 0.871369
16.171234 0.865134
16.175235 0.858762
16.179236 0.852254
16.183237 0.845612
16.187237 0.838836
16.191238 0.831928
16.195239 0.824888
16.199240 0.817718
16.203241 0.810418
16.207241 0.802991
16.211242 0.795437
16.215243 0.787757
16.219244 0.779953
16.223245 0.772025
16.227245 0.763976
16.231246 0.755806
16.235247 0.747516
16.239248 0.739109
16.243249 0.730584
16.247249 0.721944
16.251250 0.713190
16.255251 0.704324
16.259252 0.695346
16.263253 0.686259
16.267253 0.677063
16.271254 0.667760
16.275255 0.658351
16.279256 0.648839
16.283257 0.639224
16.287257 0.629508
16.291258 0.619692
16.295259 0.609779
16.299260 0.599769
16.303261 0.589665
16.307261 0.579467
16.311262 0.569178
16.315263 0.558799
16.319264 0.548332
16.323265 0.537778
16.327265 0.527139
16.331266 0.516417
16.335267 0.505613
16.339268 0.494730
16.343269 0.483768
16.347269 0.472730
16.351270 0.461617
16.355271 0.450431
16.359272 0.439174
16.363273 0.427848
16.367273 0.416454
16.371274 0.404994
16.375275 0.393471
16.379276 0.381885
16.383277 0.370239
16.387277 0.358534
16.391278 0.346773
16.395279 0.334957
16.399280 0.323088
16.403281 0.311168
16.407281 0.299199
16.411282 0.287182
16.415283 0.275120
16.419284 0.263015
16.423285 0.250868
16.427285 0.238682
16.431286 0.226458
16.435287 0.214198
16.439288 0.201904
16.443289 0.189578
16.447289 0.177223
16.451290 0.164839
16.455291 0.152430
16.459292 0.139996
16.463293 0.127540
16.467293 0.115064
16.471294 0.102570
16.475295 0.090060
16.479296 0.077535
16.483297 0.064998
16.487297 0.052451
16.491298 0.039896
16.495299 0.027334
16.499300 0.014768
16.503301 0.002200
16.507301 -0.010369
16.511302 -0.022936
16.515303 -0.035500
16.519304 -0.048057
16.523305 -0.060608
16.527305 -0.073148
16.531306 -0.085677
16.535307 -0.098193
16.539308 -0.110693
16.543309 -0.123176
16.547309 -0.135639
16.551310 -0.148080
16.555311 -0.160499
16.559312 -0.172892
16.563313 -0.185257
16.567313 -0.197594
16.571314 -0.209899
16.575315 -0.222171
16.579316 -0.234408
16.583317 -0.246608
16.587317 -0.258768
16.591318 -0.270888
16.595319 -0.282966
16.599320 -0.294998
16.603321 -0.306984
16.607321 -0.318922
16.611322 -0.330809
16.615323 -0.342643
16.619324 -0.354424
16.623325 -0.366149
16.627325 -0.377816
16.631326 -0.389423
16.635327 -0.400968
16.639328 -0.412451
16.643329 -0.423868
16.647329 -0.435218
16.651330 -0.446499
16.655331 -0.457710
16.659332 -0.468849
16.663333 -0.479913
16.667333 -0.490902
16.671334 -0.501813
16.675335 -0.512645
16.679336 -0.523396
16.683337 -0.534064
16.687337 -0.544648
16.691338 -0.555146
16.695339 -0.565556
16.699340 -0.575876
16.703341 -0.586106
16.707341 -0.596243
16.711342 -0.606286
16.715343 -0.616234
16.719344 -0.626083
16.723345 -0.635834
16.727345 -0.645485
16.731346 -0.655033
16.735347 -0.664478
16.739348 -0.673819
16.743349 -0.683052
16.747349 -0.692178
16.751350 -0.701194
16.755351 -0.710100
16.759352 -0.718893
16.763353 -0.727573
16.767353 -0.736138
16.771354 -0.744587
16.775355 -0.752918
16.779356 -0.761130
16.783357 -0.769222
16.787357 -0.777192
16.791358 -0.785040
16.795359 -0.792763
16.799360 -0.800361
16.803361 -0.807833
16.807361 -0.815178
16.811362 -0.822393
16.815363 -0.829479
16.819364 -0.836433
16.823365 -0.843255
16.827365 -0.849945
16.831366 -0.856499
16.835367 -0.862919
16.839368 -0.869202
16.843369 -0.875348
16.847369 -0.881356
16.851370 -0.887224
16.855371 -0.892953
16.859372 -0.898540
16.863373 -0.903985
16.867373 -0.909288
16.871374 -0.914446
16.875375 -0.919461
16.879376 -0.924330
16.883377 -0.929053
16.887377 -0.933629
16.891378 -0.938058
16.895379 -0.942339
16.899380 -0.946470
16.903381 -0.950453
16.907381 -0.954285
16.911382 -0.957966
16.915383 -0.961496
16.919384 -0.964874
16.923385 -0.968100
16.927385 -0.971173
16.931386 -0.974092
16.935387 -0.976858
16.939388 -0.979469
16.943389 -0.981925
16.947389 -0.984226
16.951390 -0.986372
16.955391 -0.988362
16.959392 -0.990196
16.963393 -0.991873
16.967393 -0.993394
16.971394 -0.994758
16.975395 -0.995965
16.979396 -0.997014
16.983397 -0.997906
16.987397 -0.998640
16.991398 -0.999216
16.995399 -0.999635
16.999400 -0.999896
17.003401 -0.999998
17.007401 -0.999943
17.011402 -0.999730
17.015403 -0.999358
17.019404 -0.998829
17.023405 -0.998143
17.027405 -0.997298
17.031406 -0.996296
17.035407 -0.995136
17.039408 -0.993820
17.043409 -0.992346
17.047409 -0.990716
17.051410 -0.988929
17.055411 -0.986986
17.059412 -0.984886
17.063413 -0.982632
17.067413 -0.980222
17.071414 -0.977657
17.075415 -0.974938
17.079416 -0.972065
17.083417 -0.969038
17.087417 -0.965858
17.091418 -0.962526
17.095419 -0.959041
17.099420 -0.955405
17.103421 -0.951618
17.107421 -0.947681
17.111422 -0.943594
17.115423 -0.939358
17.119424 -0.934973
17.123425 -0.930441
17.127425 -0.925762
17.131426 -0.920937
17.135427 -0.915966
17.139428 -0.910850
17.143429 -0.905591
17.147429 -0.900188
17.151430 -0.894644
17.155431 -0.888958
17.159432 -0.883131
17.163433 -0.877165
17.167433 -0.871061
17.171434 -0.864818
17.175435 -0.858440
17.179436 -0.851925
17.183437 -0.845276
17.187437 -0.838494
17.191438 -0.831579
17.195439 -0.824532
17.199440 -0.817356
17.203441 -0.810050
17.207441 -0.802616
17.211442 -0.795056
17.215443 -0.787370
17.219444 -0.779559
17.223445 -0.771626
17.227445 -0.763570
17.231446 -0.755394
17.235447 -0.747099
17.239448 -0.738685
17.243449 -0.730155
17.247449 -0.721509
17.251450 -0.712750
17.255451 -0.703878
17.259452 -0.694894
17.263453 -0.685801
17.267453 -0.676600
17.271454 -0.667292
17.275455 -0.657878
17.279456 -0.648360
17.283457 -0.638740
17.287457 -0.629019
17.291458 -0.619199
17.295459 -0.609281
17.299460 -0.599266
17.303461 -0.589157
17.307461 -0.578955
17.311462 -0.568661
17.315463 -0.558278
17.319464 -0.547806
17.323465 -0.537248
17.327465 -0.526605
17.331466 -0.515879
17.335467 -0.505071
17.339468 -0.494183
17.343469 -0.483218
17.347469 -0.472176
17.351470 -0.461059
17.355471 -0.449870
17.359472 -0.438610
17.363473 -0.427280
17.367473 -0.415883
17.371474 -0.404420
17.375475 -0.392893
17.379476 -0.381304
17.383477 -0.369655
17.387477 -0.357947
17.391478 -0.346183
17.395479 -0.334365
17.399480 -0.322493
17.403481 -0.310571
17.407481 -0.298599
17.411482 -0.286580
17.415483 -0.274516
17.419484 -0.262409
17.423485 -0.250260
17.427485 -0.238072
17.431486 -0.225846
17.435487 -0.213584
17.439488 -0.201289
17.443489 -0.188961
17.447489 -0.176604
17.451490 -0.164219
17.455491 -0.151809
17.459492 -0.139374
17.463493 -0.126917
17.467493 -0.114440
17.471494 -0.101945
17.475495 -0.089434
17.479496 -0.076908
17.483497 -0.064371
17.487497 -0.051823
17.491498 -0.039268
17.495499 -0.026706
17.499500 -0.014140
17.503501 -0.001571
17.507502 0.010998
17.511502 0.023564
17.515503 0.036128
17.519504 0.048685
17.523505 0.061235
17.527506 0.073775
17.531506 0.086304
17.535507 0.098818
17.539508 0.111318
17.543509 0.123799
17.547510 0.136261
17.551510 0.148702
17.555511 0.161119
17.559512 0.173511
17.563513 0.185875
17.567514 0.198210
17.571514 0.210513
17.575515 0.222784
17.579516 0.235019
17.583517 0.247217
17.587518 0.259375
17.591518 0.271493
17.595519 0.283568
17.599520 0.295599
17.603521 0.307582
17.607522 0.319517
17.611522 0.331402
17.615523 0.343234
17.619524 0.355012
17.623525 0.366733
17.627526 0.378397
17.631526 0.390001
17.635527 0.401544
17.639528 0.413023
17.643529 0.424437
17.647530 0.435784
17.651530 0.447062
17.655531 0.458269
17.659532 0.469404
17.663533 0.480464
17.667534 0.491449
17.671534 0.502357
17.675535 0.513184
17.679536 0.523931
17.683537 0.534595
17.687538 0.545175
17.691538 0.555668
17.695539 0.566074
17.699540 0.576390
17.703541 0.586615
17.707542 0.596748
17.711542 0.606786
17.715543 0.616728
17.719544 0.626573
17.723545 0.636319
17.727546 0.645965
17.731546 0.655508
17.735547 0.664948
17.739548 0.674283
17.743549 0.683511
17.747550 0.692631
17.751550 0.701642
17.755551 0.710542
17.759552 0.719330
17.763553 0.728004
17.767554 0.736563
17.771554 0.745006
17.775555 0.753331
17.779556 0.761537
17.783557 0.769623
17.787558 0.777587
17.791558 0.785429
17.795559 0.793146
17.799560 0.800738
17.803561 0.808204
17.807562 0.815541
17.811562 0.822750
17.815563 0.829829
17.819564 0.836777
17.823565 0.843593
17.827566 0.850276
17.831566 0.856824
17.835567 0.863236
17.839568 0.869513
17.843569 0.875652
17.847570 0.881653
17.851570 0.887514
17.855571 0.893235
17.859572 0.898815
17.863573 0.904254
17.867574 0.909549
17.871574 0.914701
17.875575 0.919708
17.879576 0.924569
17.883577 0.929285
17.887578 0.933854
17.891578 0.938276
17.895579 0.942549
17.899580 0.946673
17.903581 0.950648
17.907582 0.954472
17.911582 0.958146
17.915583 0.961669
17.919584 0.965039
17.923585 0.968257
17.927586 0.971322
17.931586 0.974234
17.935587 0.976992
17.939588 0.979595
17.943589 0.982044
17.947590 0.984337
17.951590 0.986475
17.955591 0.988458
17.959592 0.990284
17.963593 0.991953
17.967594 0.993466
17.971594 0.994822
17.975595 0.996021
17.979596 0.997062
17.983597 0.997946
17.987598 0.998672
17.991598 0.999241
17.995599 0.999652
17.999600 0.999904
18.003601 0.999999
18.007602 0.999936
18.011602 0.999715
18.015603 0.999336
18.019604 0.998799
18.023605 0.998104
18.027606 0.997252
18.031606 0.996242
18.035607 0.995074
18.039608 0.993750
18.043609 0.992268
18.047610 0.990630
18.051610 0.988835
18.055611 0.986884
18.059612 0.984777
18.063613 0.982515
18.067614 0.980097
18.071614 0.977525
18.075615 0.974798
18.079616 0.971917
18.083617 0.968883
18.087618 0.965695
18.091618 0.962355
18.095619 0.958863
18.099620 0.955219
18.103621 0.951425
18.107622 0.947480
18.111622 0.943386
18.115623 0.939142
18.119624 0.934750
18.123625 0.930211
18.127626 0.925524
18.131626 0.920692
18.135627 0.915714
18.139628 0.910591
18.143629 0.905324
18.147630 0.899914
18.151630 0.894363
18.155631 0.888670
18.159632 0.882836
18.163633 0.876863
18.167634 0.870752
18.171634 0.864503
18.175635 0.858117
18.179636 0.851596
18.183637 0.844940
18.187638 0.838151
18.191638 0.831229
18.195639 0.824177
18.199640 0.816994
18.203641 0.809681
18.207642 0.802241
18.211642 0.794675
18.215643 0.786982
18.219644 0.779166
18.223645 0.771226
18.227646 0.763164
18.231646 0.754982
18.235647 0.746681
18.239648 0.738261
18.243649 0.729725
18.247650 0.721074
18.251650 0.712309
18.255651 0.703431
18.259652 0.694442
18.263653 0.685344
18.267654 0.676137
18.271654 0.666823
18.275655 0.657404
18.279656 0.647882
18.283657 0.638256
18.287658 0.628530
18.291658 0.618705
18.295659 0.608782
18.299660 0.598763
18.303661 0.588649
18.307662 0.578442
18.311662 0.568144
18.315663 0.557756
18.319664 0.547280
18.323665 0.536718
18.327666 0.526071
18.331666 0.515340
18.335667 0.504529
18.339668 0.493637
18.343669 0.482668
18.347670 0.471622
18.351670 0.460502
18.355671 0.449309
18.359672 0.438045
18.363673 0.426712
18.367674 0.415311
18.371674 0.403845
18.375675 0.392315
18.379676 0.380723
18.383677 0.369071
18.387678 0.357361
18.391678 0.345594
18.395679 0.333772
18.399680 0.321898
18.403681 0.309973
18.407682 0.297999
18.411682 0.285978
18.415683 0.273912
18.419684 0.261802
18.423685 0.249652
18.427686 0.237461
18.431686 0.225233
18.435687 0.212970
18.439688 0.200673
18.443689 0.188344
18.447690 0.175986
18.451690 0.163599
18.455691 0.151187
18.459692 0.138751
18.463693 0.126293
18.467694 0.113815
18.471694 0.101320
18.475695 0.088808
18.479696 0.076282
18.483697 0.063744
18.487698 0.051196
18.491698 0.038640
18.495699 0.026077
18.499700 0.013511
18.503701 0.000943
18.507702 -0.011626
18.511702 -0.024193
18.515703 -0.036756
18.519704 -0.049313
18.523705 -0.061862
18.527706 -0.074402
18.531706 -0.086930
18.535707 -0.099444
18.539708 -0.111942
18.543709 -0.124423
18.547710 -0.136884
18.551710 -0.149323
18.555711 -0.161739
18.559712 -0.174130
18.563713 -0.186492
18.567714 -0.198826
18.571714 -0.211128
18.575715 -0.223396
18.579716 -0.235629
18.583717 -0.247825
18.587718 -0.259982
18.591718 -0.272098
18.595719 -0.284171
18.599720 -0.296199
18.603721 -0.308180
18.607722 -0.320113
18.611722 -0.331994
18.615723 -0.343824
18.619724 -0.355599
18.623725 -0.367318
18.627726 -0.378979
18.631726 -0.390580
18.635727 -0.402119
18.639728 -0.413595
18.643729 -0.425006
18.647730 -0.436349
18.651730 -0.447624
18.655731 -0.458827
18.659732 -0.469959
18.663733 -0.481016
18.667734 -0.491997
18.671734 -0.502900
18.675735 -0.513724
18.679736 -0.524466
18.683737 -0.535126
18.687738 -0.545701
18.691738 -0.556191
18.695739 -0.566592
18.699740 -0.576904
18.703741 -0.587124
18.707742 -0.597252
18.711742 -0.607285
18.715743 -0.617223
18.719744 -0.627063
18.723745 -0.636804
18.727746 -0.646444
18.731746 -0.655983
18.735747 -0.665417
18.739748 -0.674747
18.743749 -0.683970
18.747750 -0.693085
18.751750 -0.702090
18.755751 -0.710984
18.759752 -0.719767
18.763753 -0.728435
18.767754 -0.736988
18.771754 -0.745425
18.775755 -0.753744
18.779756 -0.761945
18.783757 -0.770024
18.787758 -0.777982
18.791758 -0.785818
18.795759 -0.793529
18.799760 -0.801114
18.803761 -0.808573
18.807762 -0.815905
18.811762 -0.823107
18.815763 -0.830180
18.819764 -0.837121
18.823765 -0.843930
18.827766 -0.850606
18.831766 -0.857148
18.835767 -0.863554
18.839768 -0.869823
18.843769 -0.875955
18.847770 -0.881949
18.851770 -0.887803
18.855771 -0.893518
18.859772 -0.899091
18.863773 -0.904522
18.867774 -0.909810
18.871774 -0.914954
18.875775 -0.919954
18.879776 -0.924809
18.883777 -0.929517
18.887778 -0.934079
18.891778 -0.938493
18.895779 -0.942759
18.899780 -0.946875
18.903781 -0.950843
18.907782 -0.954660
18.911782 -0.958326
18.915783 -0.961841
18.919784 -0.965204
18.923785 -0.968414
18.927786 -0.971472
18.931786 -0.974376
18.935787 -0.977126
18.939788 -0.979721
18.943789 -0.982162
18.947790 -0.984448
18.951790 -0.986578
18.955791 -0.988553
18.959792 -0.990371
18.963793 -0.992033
18.967794 -0.993538
18.971794 -0.994886
18.975795 -0.996077
18.979796 -0.997110
18.983797 -0.997986
18.987798 -0.998705
18.991798 -0.999265
18.995799 -0.999668
18.999800 -0.999913
19.003801 -1.000000
19.007802 -0.999929
19.011802 -0.999700
19.015803 -0.999313
19.019804 -0.998768
19.023805 -0.998065
19.027806 -0.997205
19.031806 -0.996187
19.035807 -0.995012
19.039808 -0.993679
19.043809 -0.992190
19.047810 -0.990544
19.051810 -0.988741
19.055811 -0.986783
19.059812 -0.984668
19.063813 -0.982398
19.067814 -0.979972
19.071814 -0.977392
19.075815 -0.974658
19.079816 -0.971769
19.083817 -0.968727
19.087818 -0.965532
19.091818 -0.962184
19.095819 -0.958684
19.099820 -0.955033
19.103821 -0.951231
19.107822 -0.947279
19.111822 -0.943177
19.115823 -0.938926
19.119824 -0.934527
19.123825 -0.929980
19.127826 -0.925286
19.131826 -0.920446
19.135827 -0.915461
19.139828 -0.910331
19.143829 -0.905057
19.147830 -0.899640
19.151830 -0.894081
19.155831 -0.888381
19.159832 -0.882541
19.163833 -0.876561
19.167834 -0.870443
19.171834 -0.864187
19.175835 -0.857794
19.179836 -0.851266
19.183837 -0.844604
19.187838 -0.837808
19.191838 -0.830880
19.195839 -0.823821
19.199840 -0.816631
19.203841 -0.809312
19.207842 -0.801866
19.211842 -0.794293
19.215843 -0.786594
19.219844 -0.778771
19.223845 -0.770826
19.227846 -0.762758
19.231846 -0.754570
19.235847 -0.746263
19.239848 -0.737837
19.243849 -0.729295
19.247850 -0.720639
19.251850 -0.711868
19.255851 -0.702984
19.259852 -0.693990
19.263853 -0.684886
19.267854 -0.675674
19.271854 -0.666355
19.275855 -0.656931
19.279856 -0.647403
19.283857 -0.637773
19.287858 -0.628042
19.291858 -0.618211
19.295859 -0.608284
19.299860 -0.598260
19.303861 -0.588141
19.307862 -0.577930
19.311862 -0.567627
19.315863 -0.557235
19.319864 -0.546754
19.323865 -0.536188
19.327866 -0.525536
19.331866 -0.514802
19.335867 -0.503986
19.339868 -0.493090
19.343869 -0.482117
19.347870 -0.471068
19.351870 -0.459944
19.355871 -0.448747
19.359872 -0.437480
19.363873 -0.426143
19.367874 -0.414739
19.371874 -0.403270
19.375875 -0.391737
19.379876 -0.380142
19.383877 -0.368487
19.387878 -0.356774
19.391878 -0.345004
19.395879 -0.333180
19.399880 -0.321303
19.403881 -0.309376
19.407882 -0.297399
19.411882 -0.285376
19.415883 -0.273307
19.419884 -0.261196
19.423885 -0.249043
19.427886 -0.236851
19.431886 -0.224621
19.435887 -0.212356
19.439888 -0.200057
19.443889 -0.187727
19.447890 -0.175367
19.451890 -0.162979
19.455891 -0.150566
19.459892 -0.138129
19.463893 -0.125670
19.467894 -0.113191
19.471894 -0.100694
19.475895 -0.088182
19.479896 -0.075655
19.483897 -0.063117
19.487898 -0.050568
19.491898 -0.038012
19.495899 -0.025449
19.499900 -0.012883
19.503901 -0.000314
19.507902 0.012254
19.511902 0.024821
19.515903 0.037384
19.519904 0.049941
19.523905 0.062489
19.527906 0.075029
19.531906 0.087556
19.535907 0.100069
19.539908 0.112567
19.543909 0.125046
19.547910 0.137506
19.551910 0.149945
19.555911 0.162359
19.559912 0.174748
19.563913 0.187110
19.567914 0.199441
19.571914 0.211742
19.575915 0.224009
19.579916 0.236240
19.583917 0.248434
19.587918 0.260589
19.591918 0.272703
19.595919 0.284773
19.599920 0.296799
19.603921 0.308778
19.607922 0.320708
19.611922 0.332587
19.615923 0.344414
19.619924 0.356186
19.623925 0.367903
19.627926 0.379560
19.631926 0.391159
19.635927 0.402695
19.639928 0.414167
19.643929 0.425575
19.647930 0.436915
19.651930 0.448185
19.655931 0.459386
19.659932 0.470513
19.663933 0.481566
19.667934 0.492544
19.671934 0.503443
19.675935 0.514263
19.679936 0.525001
19.683937 0.535657
19.687938 0.546228
19.691938 0.556713
19.695939 0.567110
19.699940 0.577417
19.703941 0.587633
19.707942 0.597756
19.711942 0.607785
19.715943 0.617717
19.719944 0.627552
19.723945 0.637288
19.727946 0.646924
19.731946 0.656457
19.735947 0.665886
19.739948 0.675210
19.743949 0.684428
19.747950 0.693537
19.751950 0.702537
19.755951 0.711426
19.759952 0.720203
19.763953 0.728865
19.767954 0.737413
19.771954 0.745844
19.775955 0.754157
19.779956 0.762351
19.783957 0.770425
19.787958 0.778377
19.791958 0.786206
19.795959 0.793911
19.799960 0.801490
19.803961 0.808943
19.807962 0.816268
19.811962 0.823464
19.815963 0.830530
19.819964 0.837465
19.823965 0.844267
19.827966 0.850936
19.831966 0.857471
19.835967 0.863870
19.839968 0.870133
19.843969 0.876258
19.847970 0.882245
19.851970 0.888093
19.855971 0.893800
19.859972 0.899366
19.863973 0.904790
19.867974 0.910071
19.871974 0.915208
19.875975 0.920200
19.879976 0.925048
19.883977 0.929749
19.887978 0.934303
19.891978 0.938710
19.895979 0.942968
19.899980 0.947077
19.903981 0.951037
19.907982 0.954847
19.911982 0.958505
19.915983 0.962013
19.919984 0.965368
19.923985 0.968571
19.927986 0.971620
19.931986 0.974517
19.935987 0.977259
19.939988 0.979847
19.943989 0.982280
19.947990 0.984558
19.951990 0.986681
19.955991 0.988647
19.959992 0.990458
19.963993 0.992112
19.967994 0.993609
19.971994 0.994949
19.975995 0.996132
19.979996 0.997158
19.983997 0.998026
19.987998 0.998736
19.991998 0.999289
19.995999 0.999684
20.000000 0.999921
