0.000000 0.999822
0.004001 0.998875
0.008002 0.997297
0.012002 0.995089
0.016003 0.992254
0.020004 0.988792
0.024005 0.984707
0.028006 0.980002
0.032006 0.974678
0.036007 0.968741
0.040008 0.962194
0.044009 0.955040
0.048010 0.947286
0.052010 0.938936
0.056011 0.929996
0.060012 0.920470
0.064013 0.910367
0.068014 0.899691
0.072014 0.888450
0.076015 0.876652
0.080016 0.864304
0.084017 0.851413
0.088018 0.837989
0.092018 0.824040
0.096019 0.809575
0.100020 0.794602
0.104021 0.779133
0.108022 0.763176
0.112022 0.746742
0.116023 0.729842
0.120024 0.712486
0.124025 0.694685
0.128026 0.676452
0.132026 0.657796
0.136027 0.638731
0.140028 0.619269
0.144029 0.599421
0.148030 0.579201
0.152030 0.558622
0.156031 0.537696
0.160032 0.516437
0.164033 0.494859
0.168034 0.472974
0.172034 0.450798
0.176035 0.428345
0.180036 0.405627
0.184037 0.382661
0.188038 0.359460
0.192038 0.336040
0.196039 0.312414
0.200040 0.288599
0.204041 0.264609
0.208042 0.240459
0.212042 0.216165
0.216043 0.191742
0.220044 0.167206
0.224045 0.142572
0.228046 0.117855
0.232046 0.093072
0.236047 0.068238
0.240048 0.043369
0.244049 0.018480
0.248050 -0.006412
0.252050 -0.031293
0.256051 -0.056146
0.260052 -0.080956
0.264053 -0.105707
0.268054 -0.130383
0.272054 -0.154969
0.276055 -0.179449
0.280056 -0.203809
0.284057 -0.228032
0.288058 -0.252103
0.292058 -0.276007
0.296059 -0.299730
0.300060 -0.323255
0.304061 -0.346569
0.308062 -0.369657
0.312062 -0.392504
0.316063 -0.415095
0.320064 -0.437418
0.324065 -0.459457
0.328066 -0.481198
0.332066 -0.502629
0.336067 -0.523736
0.340068 -0.544505
0.344069 -0.564924
0.348070 -0.584979
0.352070 -0.604658
0.356071 -0.623950
0.360072 -0.642841
0.364073 -0.661320
0.368074 -0.679375
0.372074 -0.696996
0.376075 -0.714170
0.380076 -0.730888
0.384077 -0.747139
0.388078 -0.762913
0.392078 -0.778200
0.396079 -0.792991
0.400080 -0.807276
0.404081 -0.821047
0.408082 -0.834294
0.412082 -0.847011
0.416083 -0.859188
0.420084 -0.870819
0.424085 -0.881896
0.428086 -0.892412
0.432086 -0.902362
0.436087 -0.911738
0.440088 -0.920535
0.444089 -0.928748
0.448090 -0.936372
0.452090 -0.943401
0.456091 -0.949833
0.460092 -0.955662
0.464093 -0.960886
0.468094 -0.965502
0.472094 -0.969506
0.476095 -0.972896
0.480096 -0.975671
0.484097 -0.977828
0.488098 -0.979367
0.492098 -0.980287
0.496099 -0.980588
0.500100 -0.980269
0.504101 -0.979330
0.508102 -0.977774
0.512102 -0.975600
0.516103 -0.972810
0.520104 -0.969407
0.524105 -0.965393
0.528106 -0.960770
0.532106 -0.955542
0.536107 -0.949712
0.540108 -0.943283
0.544109 -0.936261
0.548110 -0.928649
0.552110 -0.920454
0.556111 -0.911679
0.560112 -0.902331
0.564113 -0.892417
0.568114 -0.881941
0.572114 -0.870912
0.576115 -0.859336
0.580116 -0.847221
0.584117 -0.834575
0.588118 -0.821405
0.592118 -0.807721
0.596119 -0.793531
0.600120 -0.778844
0.604121 -0.763669
0.608122 -0.748018
0.612122 -0.731898
0.616123 -0.715321
0.620124 -0.698298
0.624125 -0.680838
0.628126 -0.662955
0.632126 -0.644658
0.636127 -0.625959
0.640128 -0.606872
0.644129 -0.587406
0.648130 -0.567576
0.652130 -0.547394
0.656131 -0.526872
0.660132 -0.506024
0.664133 -0.484863
0.668134 -0.463402
0.672134 -0.441655
0.676135 -0.419636
0.680136 -0.397359
0.684137 -0.374838
0.688138 -0.352088
0.692138 -0.329122
0.696139 -0.305955
0.700140 -0.282603
0.704141 -0.259079
0.708142 -0.235399
0.712142 -0.211578
0.716143 -0.187631
0.720144 -0.163573
0.724145 -0.139419
0.728146 -0.115184
0.732146 -0.090885
0.736147 -0.066536
0.740148 -0.042152
0.744149 -0.017750
0.748150 0.006656
0.752150 0.031050
0.756151 0.055417
0.760152 0.079741
0.764153 0.104007
0.768154 0.128200
0.772154 0.152304
0.776155 0.176304
0.780156 0.200185
0.784157 0.223932
0.788158 0.247531
0.792158 0.270965
0.796159 0.294221
0.800160 0.317284
0.804161 0.340139
0.808162 0.362771
0.812162 0.385168
0.816163 0.407314
0.820164 0.429196
0.824165 0.450800
0.828166 0.472112
0.832166 0.493119
0.836167 0.513809
0.840168 0.534167
0.844169 0.554181
0.848170 0.573839
0.852170 0.593128
0.856171 0.612036
0.860172 0.630552
0.864173 0.648663
0.868174 0.666359
0.872174 0.683629
0.876175 0.700461
0.880176 0.716846
0.884177 0.732772
0.888178 0.748230
0.892178 0.763211
0.896179 0.777706
0.900180 0.791704
0.904181 0.805198
0.908182 0.818178
0.912182 0.830638
0.916183 0.842570
0.920184 0.853965
0.924185 0.864817
0.928186 0.875119
0.932186 0.884866
0.936187 0.894050
0.940188 0.902667
0.944189 0.910710
0.948190 0.918176
0.952190 0.925060
0.956191 0.931357
0.960192 0.937063
0.964193 0.942176
0.968194 0.946692
0.972194 0.950609
0.976195 0.953924
0.980196 0.956635
0.984197 0.958741
0.988198 0.960241
0.992198 0.961134
0.996199 0.961419
1.000200 0.961097
1.004201 0.960168
1.008202 0.958633
1.012202 0.956492
1.016203 0.953748
1.020204 0.950403
1.024205 0.946458
1.028206 0.941916
1.032206 0.936781
1.036207 0.931056
1.040208 0.924744
1.044209 0.917850
1.048210 0.910379
1.052210 0.902335
1.056211 0.893723
1.060212 0.884550
1.064213 0.874821
1.068214 0.864542
1.072214 0.853720
1.076215 0.842363
1.080216 0.830476
1.084217 0.818069
1.088218 0.805150
1.092218 0.791725
1.096219 0.777805
1.100220 0.763398
1.104221 0.748513
1.108222 0.733160
1.112222 0.717348
1.116223 0.701089
1.120224 0.684392
1.124225 0.667267
1.128226 0.649727
1.132226 0.631782
1.136227 0.613443
1.140228 0.594723
1.144229 0.575632
1.148230 0.556185
1.152230 0.536392
1.156231 0.516266
1.160232 0.495821
1.164233 0.475069
1.168234 0.454023
1.172234 0.432697
1.176235 0.411105
1.180236 0.389260
1.184237 0.367175
1.188238 0.344866
1.192238 0.322346
1.196239 0.299629
1.200240 0.276731
1.204241 0.253664
1.208242 0.230445
1.212242 0.207088
1.216243 0.183607
1.220244 0.160018
1.224245 0.136334
1.228246 0.112573
1.232246 0.088747
1.236247 0.064874
1.240248 0.040966
1.244249 0.017041
1.248250 -0.006888
1.252250 -0.030805
1.256251 -0.054695
1.260252 -0.078543
1.264253 -0.102333
1.268254 -0.126052
1.272254 -0.149683
1.276255 -0.173213
1.280256 -0.196625
1.284257 -0.219906
1.288258 -0.243041
1.292258 -0.266015
1.296259 -0.288813
1.300260 -0.311422
1.304261 -0.333827
1.308262 -0.356014
1.312262 -0.377969
1.316263 -0.399679
1.320264 -0.421129
1.324265 -0.442306
1.328266 -0.463197
1.332266 -0.483789
1.336267 -0.504069
1.340268 -0.524024
1.344269 -0.543642
1.348270 -0.562910
1.352270 -0.581817
1.356271 -0.600350
1.360272 -0.618497
1.364273 -0.636249
1.368274 -0.653593
1.372274 -0.670518
1.376275 -0.687015
1.380276 -0.703072
1.384277 -0.718681
1.388278 -0.733830
1.392278 -0.748511
1.396279 -0.762714
1.400280 -0.776432
1.404281 -0.789654
1.408282 -0.802373
1.412282 -0.814582
1.416283 -0.826272
1.420284 -0.837437
1.424285 -0.848068
1.428286 -0.858161
1.432286 -0.867709
1.436287 -0.876705
1.440288 -0.885145
1.444289 -0.893023
1.448290 -0.900334
1.452290 -0.907075
1.456291 -0.913240
1.460292 -0.918826
1.464293 -0.923830
1.468294 -0.928249
1.472294 -0.932080
1.476295 -0.935321
1.480296 -0.937971
1.484297 -0.940027
1.488298 -0.941488
1.492298 -0.942355
1.496299 -0.942625
1.500300 -0.942300
1.504301 -0.941381
1.508302 -0.939866
1.512302 -0.937759
1.516303 -0.935059
1.520304 -0.931770
1.524305 -0.927894
1.528306 -0.923432
1.532306 -0.918388
1.536307 -0.912766
1.540308 -0.906570
1.544309 -0.899802
1.548310 -0.892468
1.552310 -0.884573
1.556311 -0.876121
1.560312 -0.867119
1.564313 -0.857571
1.568314 -0.847485
1.572314 -0.836867
1.576315 -0.825724
1.580316 -0.814062
1.584317 -0.801890
1.588318 -0.789215
1.592318 -0.776046
1.596319 -0.762390
1.600320 -0.748258
1.604321 -0.733657
1.608322 -0.718597
1.612322 -0.703088
1.616323 -0.687140
1.620324 -0.670762
1.624325 -0.653967
1.628326 -0.636763
1.632326 -0.619163
1.636327 -0.601177
1.640328 -0.582817
1.644329 -0.564094
1.648330 -0.545021
1.652330 -0.525610
1.656331 -0.505873
1.660332 -0.485823
1.664333 -0.465472
1.668334 -0.444834
1.672334 -0.423921
1.676335 -0.402746
1.680336 -0.381324
1.684337 -0.359668
1.688338 -0.337792
1.692338 -0.315709
1.696339 -0.293434
1.700340 -0.270980
1.704341 -0.248363
1.708342 -0.225595
1.712342 -0.202692
1.716343 -0.179669
1.720344 -0.156539
1.724345 -0.133318
1.728346 -0.110019
1.732346 -0.086659
1.736347 -0.063251
1.740348 -0.039811
1.744349 -0.016353
1.748350 0.007108
1.752350 0.030558
1.756351 0.053980
1.760352 0.077361
1.764353 0.100685
1.768354 0.123939
1.772354 0.147107
1.776355 0.170175
1.780356 0.193128
1.784357 0.215952
1.788358 0.238632
1.792358 0.261154
1.796359 0.283504
1.800360 0.305668
1.804361 0.327632
1.808362 0.349382
1.812362 0.370905
1.816363 0.392186
1.820364 0.413213
1.824365 0.433972
1.828366 0.454451
1.832366 0.474635
1.836367 0.494514
1.840368 0.514074
1.844369 0.533303
1.848370 0.552190
1.852370 0.570721
1.856371 0.588886
1.860372 0.606674
1.864373 0.624072
1.868374 0.641071
1.872374 0.657659
1.876375 0.673827
1.880376 0.689564
1.884377 0.704860
1.888378 0.719706
1.892378 0.734093
1.896379 0.748012
1.900380 0.761454
1.904381 0.774411
1.908382 0.786874
1.912382 0.798836
1.916383 0.810290
1.920384 0.821228
1.924385 0.831644
1.928386 0.841532
1.932386 0.850885
1.936387 0.859697
1.940388 0.867963
1.944389 0.875679
1.948390 0.882839
1.952390 0.889439
1.956391 0.895475
1.960392 0.900944
1.964393 0.905841
1.968394 0.910165
1.972394 0.913913
1.976395 0.917082
1.980396 0.919670
1.984397 0.921677
1.988398 0.923101
1.992398 0.923942
1.996399 0.924199
2.000400 0.923871
2.004401 0.922961
2.008402 0.921467
2.012402 0.919392
2.016403 0.916737
2.020404 0.913503
2.024405 0.909693
2.028406 0.905310
2.032406 0.900357
2.036407 0.894836
2.040408 0.888752
2.044409 0.882108
2.048410 0.874909
2.052410 0.867160
2.056411 0.858865
2.060412 0.850031
2.064413 0.840662
2.068414 0.830765
2.072414 0.820347
2.076415 0.809413
2.080416 0.797972
2.084417 0.786031
2.088418 0.773596
2.092418 0.760677
2.096419 0.747281
2.100420 0.733418
2.104421 0.719095
2.108422 0.704323
2.112422 0.689111
2.116423 0.673468
2.120424 0.657404
2.124425 0.640931
2.128426 0.624058
2.132426 0.606795
2.136427 0.589155
2.140428 0.571149
2.144429 0.552787
2.148430 0.534082
2.152430 0.515045
2.156431 0.495689
2.160432 0.476026
2.164433 0.456069
2.168434 0.435830
2.172434 0.415322
2.176435 0.394558
2.180436 0.373551
2.184437 0.352315
2.188438 0.330863
2.192438 0.309209
2.196439 0.287366
2.200440 0.265349
2.204441 0.243171
2.208442 0.220846
2.212442 0.198389
2.216443 0.175814
2.220444 0.153135
2.224445 0.130366
2.228446 0.107522
2.232446 0.084618
2.236447 0.061667
2.240448 0.038685
2.244449 0.015685
2.248450 -0.007317
2.252450 -0.030308
2.256451 -0.053272
2.260452 -0.076195
2.264453 -0.099063
2.268454 -0.121861
2.272454 -0.144575
2.276455 -0.167190
2.280456 -0.189692
2.284457 -0.212068
2.288458 -0.234302
2.292458 -0.256382
2.296459 -0.278293
2.300460 -0.300020
2.304461 -0.321552
2.308462 -0.342874
2.312462 -0.363972
2.316463 -0.384833
2.320464 -0.405445
2.324465 -0.425795
2.328466 -0.445869
2.332466 -0.465655
2.336467 -0.485140
2.340468 -0.504313
2.344469 -0.523161
2.348470 -0.541673
2.352470 -0.559837
2.356471 -0.577641
2.360472 -0.595075
2.364473 -0.612128
2.368474 -0.628788
2.372474 -0.645046
2.376475 -0.660892
2.380476 -0.676315
2.384477 -0.691305
2.388478 -0.705855
2.392478 -0.719954
2.396479 -0.733593
2.400480 -0.746765
2.404481 -0.759461
2.408482 -0.771673
2.412482 -0.783394
2.416483 -0.794617
2.420484 -0.805333
2.424485 -0.815538
2.428486 -0.825224
2.432486 -0.834386
2.436487 -0.843018
2.440488 -0.851115
2.444489 -0.858672
2.448490 -0.865683
2.452490 -0.872146
2.456491 -0.878056
2.460492 -0.883409
2.464493 -0.888202
2.468494 -0.892433
2.472494 -0.896099
2.476495 -0.899197
2.480496 -0.901727
2.484497 -0.903686
2.488498 -0.905074
2.492498 -0.905889
2.496499 -0.906132
2.500500 -0.905802
2.504501 -0.904901
2.508502 -0.903428
2.512503 -0.901385
2.516503 -0.898773
2.520504 -0.895594
2.524505 -0.891850
2.528506 -0.887544
2.532507 -0.882679
2.536507 -0.877258
2.540508 -0.871284
2.544509 -0.864762
2.548510 -0.857696
2.552511 -0.850090
2.556511 -0.841949
2.560512 -0.833280
2.564513 -0.824086
2.568514 -0.814375
2.572515 -0.804152
2.576515 -0.793425
2.580516 -0.782200
2.584517 -0.770485
2.588518 -0.758286
2.592519 -0.745612
2.596519 -0.732471
2.600520 -0.718872
2.604521 -0.704823
2.608522 -0.690333
2.612523 -0.675411
2.616523 -0.660068
2.620524 -0.644312
2.624525 -0.628155
2.628526 -0.611605
2.632527 -0.594675
2.636527 -0.577374
2.640528 -0.559714
2.644529 -0.541706
2.648530 -0.523362
2.652531 -0.504693
2.656531 -0.485710
2.660532 -0.466427
2.664533 -0.446856
2.668534 -0.427008
2.672535 -0.406897
2.676535 -0.386535
2.680536 -0.365935
2.684537 -0.345111
2.688538 -0.324076
2.692539 -0.302842
2.696539 -0.281423
2.700540 -0.259834
2.704541 -0.238087
2.708542 -0.216197
2.712543 -0.194177
2.716543 -0.172042
2.720544 -0.149805
2.724545 -0.127480
2.728546 -0.105081
2.732547 -0.082624
2.736547 -0.060121
2.740548 -0.037587
2.744549 -0.015037
2.748550 0.007516
2.752551 0.030056
2.756551 0.052571
2.760552 0.075045
2.764553 0.097465
2.768554 0.119816
2.772555 0.142085
2.776555 0.164256
2.780556 0.186317
2.784557 0.208253
2.788558 0.230051
2.792559 0.251697
2.796559 0.273176
2.800560 0.294477
2.804561 0.315584
2.808562 0.336486
2.812563 0.357168
2.816563 0.377618
2.820564 0.397824
2.824565 0.417771
2.828566 0.437449
2.832567 0.456843
2.836567 0.475943
2.840568 0.494737
2.844569 0.513212
2.848570 0.531357
2.852571 0.549160
2.856571 0.566611
2.860572 0.583699
2.864573 0.600412
2.868574 0.616741
2.872575 0.632675
2.876575 0.648205
2.880576 0.663320
2.884577 0.678011
2.888578 0.692269
2.892579 0.706086
2.896579 0.719452
2.900580 0.732359
2.904581 0.744800
2.908582 0.756766
2.912583 0.768251
2.916583 0.779246
2.920584 0.789746
2.924585 0.799744
2.928586 0.809233
2.932587 0.818208
2.936587 0.826663
2.940588 0.834594
2.944589 0.841995
2.948590 0.848861
2.952591 0.855189
2.956591 0.860975
2.960592 0.866215
2.964593 0.870907
2.968594 0.875047
2.972595 0.878632
2.976595 0.881662
2.980596 0.884133
2.984597 0.886046
2.988598 0.887398
2.992599 0.888189
2.996599 0.888418
3.000600 0.888087
3.004601 0.887194
3.008602 0.885742
3.012603 0.883730
3.016603 0.881161
3.020604 0.878036
3.024605 0.874357
3.028606 0.870127
3.032607 0.865348
3.036607 0.860025
3.040608 0.854160
3.044609 0.847757
3.048610 0.840821
3.052611 0.833356
3.056611 0.825366
3.060612 0.816858
3.064613 0.807837
3.068614 0.798308
3.072615 0.788278
3.076615 0.777753
3.080616 0.766740
3.084617 0.755246
3.088618 0.743279
3.092619 0.730845
3.096619 0.717955
3.100620 0.704614
3.104621 0.690833
3.108622 0.676620
3.112623 0.661984
3.116623 0.646934
3.120624 0.631481
3.124625 0.615633
3.128626 0.599401
3.132627 0.582796
3.136627 0.565829
3.140628 0.548509
3.144629 0.530847
3.148630 0.512857
3.152631 0.494548
3.156631 0.475932
3.160632 0.457021
3.164633 0.437828
3.168634 0.418365
3.172635 0.398643
3.176635 0.378675
3.180636 0.358475
3.184637 0.338055
3.188638 0.317427
3.192639 0.296605
3.196639 0.275603
3.200640 0.254433
3.204641 0.233110
3.208642 0.211645
3.212643 0.190054
3.216643 0.168350
3.220644 0.146546
3.224645 0.124656
3.228646 0.102694
3.232647 0.080675
3.236647 0.058612
3.240648 0.036518
3.244649 0.014409
3.248650 -0.007703
3.252651 -0.029803
3.256651 -0.051877
3.260652 -0.073911
3.264653 -0.095892
3.268654 -0.117805
3.272655 -0.139637
3.276655 -0.161374
3.280656 -0.183001
3.284657 -0.204507
3.288658 -0.225876
3.292659 -0.247096
3.296659 -0.268154
3.300660 -0.289035
3.304661 -0.309727
3.308662 -0.330217
3.312663 -0.350491
3.316663 -0.370538
3.320664 -0.390345
3.324665 -0.409899
3.328666 -0.429187
3.332667 -0.448199
3.336667 -0.466921
3.340668 -0.485342
3.344669 -0.503451
3.348670 -0.521236
3.352671 -0.538687
3.356671 -0.555791
3.360672 -0.572539
3.364673 -0.588921
3.368674 -0.604924
3.372675 -0.620541
3.376675 -0.635761
3.380676 -0.650574
3.384677 -0.664972
3.388678 -0.678945
3.392679 -0.692485
3.396679 -0.705583
3.400680 -0.718231
3.404681 -0.730422
3.408682 -0.742147
3.412683 -0.753400
3.416683 -0.764173
3.420684 -0.774460
3.424685 -0.784255
3.428686 -0.793551
3.432687 -0.802343
3.436687 -0.810625
3.440688 -0.818393
3.444689 -0.825641
3.448690 -0.832366
3.452691 -0.838562
3.456691 -0.844227
3.460692 -0.849357
3.464693 -0.853948
3.468694 -0.857999
3.472695 -0.861506
3.476695 -0.864468
3.480696 -0.866883
3.484697 -0.868750
3.488698 -0.870067
3.492699 -0.870834
3.496699 -0.871051
3.500700 -0.870718
3.504701 -0.869834
3.508702 -0.868402
3.512703 -0.866421
3.516703 -0.863894
3.520704 -0.860821
3.524705 -0.857206
3.528706 -0.853051
3.532707 -0.848358
3.536707 -0.843130
3.540708 -0.837372
3.544709 -0.831086
3.548710 -0.824278
3.552711 -0.816951
3.556711 -0.809110
3.560712 -0.800760
3.564713 -0.791908
3.568714 -0.782558
3.572715 -0.772716
3.576715 -0.762390
3.580716 -0.751585
3.584717 -0.740308
3.588718 -0.728568
3.592719 -0.716371
3.596719 -0.703726
3.600720 -0.690640
3.604721 -0.677121
3.608722 -0.663180
3.612723 -0.648823
3.616723 -0.634062
3.620724 -0.618904
3.624725 -0.603361
3.628726 -0.587441
3.632727 -0.571155
3.636727 -0.554513
3.640728 -0.537527
3.644729 -0.520206
3.648730 -0.502562
3.652731 -0.484606
3.656731 -0.466350
3.660732 -0.447805
3.664733 -0.428983
3.668734 -0.409896
3.672735 -0.390556
3.676735 -0.370975
3.680736 -0.351166
3.684737 -0.331142
3.688738 -0.310915
3.692739 -0.290497
3.696739 -0.269903
3.700740 -0.249145
3.704741 -0.228235
3.708742 -0.207189
3.712743 -0.186018
3.716743 -0.164736
3.720744 -0.143357
3.724745 -0.121894
3.728746 -0.100361
3.732747 -0.078771
3.736747 -0.057138
3.740748 -0.035476
3.744749 -0.013799
3.748750 0.007880
3.752751 0.029548
3.756751 0.051190
3.760752 0.072793
3.764753 0.094343
3.768754 0.115827
3.772755 0.137230
3.776755 0.158541
3.780756 0.179744
3.784757 0.200827
3.788758 0.221777
3.792759 0.242580
3.796759 0.263223
3.800760 0.283693
3.804761 0.303978
3.808762 0.324064
3.812763 0.343939
3.816763 0.363591
3.820764 0.383006
3.824765 0.402174
3.828766 0.421082
3.832767 0.439717
3.836767 0.458069
3.840768 0.476126
3.844769 0.493876
3.848770 0.511309
3.852771 0.528413
3.856771 0.545178
3.860772 0.561593
3.864773 0.577649
3.868774 0.593334
3.872775 0.608640
3.876775 0.623556
3.880776 0.638074
3.884777 0.652184
3.888778 0.665877
3.892779 0.679146
3.896779 0.691981
3.900780 0.704376
3.904781 0.716321
3.908782 0.727810
3.912783 0.738836
3.916783 0.749391
3.920784 0.759470
3.924785 0.769066
3.928786 0.778173
3.932787 0.786786
3.936787 0.794898
3.940788 0.802507
3.944789 0.809605
3.948790 0.816191
3.952791 0.822258
3.956791 0.827804
3.960792 0.832826
3.964793 0.837319
3.968794 0.841283
3.972795 0.844713
3.976795 0.847609
3.980796 0.849969
3.984797 0.851791
3.988798 0.853074
3.992799 0.853819
3.996799 0.854023
4.000800 0.853688
4.004801 0.852814
4.008802 0.851401
4.012803 0.849451
4.016803 0.846965
4.020804 0.843945
4.024805 0.840392
4.028806 0.836310
4.032807 0.831701
4.036807 0.826568
4.040808 0.820914
4.044809 0.814743
4.048810 0.808060
4.052811 0.800869
4.056811 0.793173
4.060812 0.784980
4.064813 0.776293
4.068814 0.767118
4.072815 0.757462
4.076815 0.747330
4.080816 0.736729
4.084817 0.725666
4.088818 0.714149
4.092819 0.702183
4.096819 0.689778
4.100820 0.676942
4.104821 0.663681
4.108822 0.650006
4.112823 0.635924
4.116823 0.621445
4.120824 0.606578
4.124825 0.591333
4.128826 0.575719
4.132827 0.559746
4.136827 0.543424
4.140828 0.526765
4.144829 0.509778
4.148830 0.492474
4.152831 0.474865
4.156831 0.456961
4.160832 0.438774
4.164833 0.420316
4.168834 0.401598
4.172835 0.382632
4.176835 0.363431
4.180836 0.344006
4.184837 0.324370
4.188838 0.304535
4.192839 0.284514
4.196839 0.264320
4.200840 0.243965
4.204841 0.223463
4.208842 0.202825
4.212843 0.182067
4.216843 0.161199
4.220844 0.140237
4.224845 0.119192
4.228846 0.098079
4.232847 0.076911
4.236847 0.055700
4.240848 0.034461
4.244849 0.013208
4.248850 -0.008048
4.252851 -0.029292
4.256851 -0.050510
4.260852 -0.071690
4.264853 -0.092818
4.268854 -0.113881
4.272855 -0.134865
4.276855 -0.155757
4.280856 -0.176544
4.284857 -0.197213
4.288858 -0.217751
4.292859 -0.238145
4.296859 -0.258382
4.300860 -0.278450
4.304861 -0.298335
4.308862 -0.318026
4.312863 -0.337509
4.316863 -0.356773
4.320864 -0.375806
4.324865 -0.394595
4.328866 -0.413129
4.332867 -0.431396
4.336867 -0.449385
4.340868 -0.467084
4.344869 -0.484483
4.348870 -0.501570
4.352871 -0.518335
4.356871 -0.534767
4.360872 -0.550856
4.364873 -0.566592
4.368874 -0.581965
4.372875 -0.596966
4.376875 -0.611585
4.380876 -0.625813
4.384877 -0.639641
4.388878 -0.653061
4.392879 -0.666064
4.396879 -0.678642
4.400880 -0.690787
4.404881 -0.702492
4.408882 -0.713750
4.412883 -0.724553
4.416883 -0.734895
4.420884 -0.744770
4.424885 -0.754171
4.428886 -0.763093
4.432887 -0.771530
4.436887 -0.779477
4.440888 -0.786928
4.444889 -0.793881
4.448890 -0.800330
4.452891 -0.806271
4.456891 -0.811701
4.460892 -0.816616
4.464893 -0.821014
4.468894 -0.824892
4.472895 -0.828248
4.476895 -0.831080
4.480896 -0.833385
4.484897 -0.835164
4.488898 -0.836414
4.492899 -0.837135
4.496899 -0.837328
4.500900 -0.836991
4.504901 -0.836126
4.508902 -0.834733
4.512903 -0.832813
4.516903 -0.830368
4.520904 -0.827399
4.524905 -0.823908
4.528906 -0.819897
4.532907 -0.815370
4.536907 -0.810330
4.540908 -0.804779
4.544909 -0.798722
4.548910 -0.792161
4.552911 -0.785103
4.556911 -0.777551
4.560912 -0.769510
4.564913 -0.760985
4.568914 -0.751983
4.572915 -0.742508
4.576915 -0.732567
4.580916 -0.722167
4.584917 -0.711313
4.588918 -0.700014
4.592919 -0.688276
4.596919 -0.676107
4.600920 -0.663515
4.604921 -0.650507
4.608922 -0.637093
4.612923 -0.623281
4.616923 -0.609079
4.620924 -0.594496
4.624925 -0.579543
4.628926 -0.564228
4.632927 -0.548562
4.636927 -0.532554
4.640928 -0.516215
4.644929 -0.499554
4.648930 -0.482584
4.652931 -0.465313
4.656931 -0.447754
4.660932 -0.429918
4.664933 -0.411815
4.668934 -0.393458
4.672935 -0.374857
4.676935 -0.356026
4.680936 -0.336975
4.684937 -0.317717
4.688938 -0.298264
4.692939 -0.278628
4.696939 -0.258821
4.700940 -0.238857
4.704941 -0.218748
4.708942 -0.198505
4.712943 -0.178143
4.716943 -0.157674
4.720944 -0.137110
4.724945 -0.116464
4.728946 -0.095750
4.732947 -0.074980
4.736947 -0.054167
4.740948 -0.033325
4.744949 -0.012465
4.748950 0.008399
4.752951 0.029254
4.756951 0.050088
4.760952 0.070888
4.764953 0.091641
4.768954 0.112334
4.772955 0.132956
4.776955 0.153493
4.780956 0.173933
4.784957 0.194265
4.788958 0.214476
4.792959 0.234554
4.796959 0.254488
4.800960 0.274266
4.804961 0.293877
4.808962 0.313309
4.812963 0.332552
4.816963 0.351595
4.820964 0.370427
4.824965 0.389038
4.828966 0.407419
4.832967 0.425558
4.836967 0.443448
4.840968 0.461079
4.844969 0.478441
4.848970 0.495527
4.852971 0.512328
4.856971 0.528836
4.860972 0.545044
4.864973 0.560945
4.868974 0.576531
4.872975 0.591796
4.876975 0.606734
4.880976 0.621339
4.884977 0.635606
4.888978 0.649530
4.892979 0.663106
4.896979 0.676330
4.900980 0.689199
4.904981 0.701708
4.908982 0.713855
4.912983 0.725637
4.916983 0.737053
4.920984 0.748099
4.924985 0.758775
4.928986 0.769080
4.932987 0.779013
4.936987 0.788574
4.940988 0.797763
4.944989 0.806580
4.948990 0.815026
4.952991 0.823102
4.956991 0.830811
4.960992 0.838153
4.964993 0.845130
4.968994 0.851746
4.972995 0.858003
4.976995 0.863903
4.980996 0.869451
4.984997 0.874649
4.988998 0.879502
4.992999 0.884013
4.996999 0.888186
5.001000 0.892026
5.005001 0.895537
5.009002 0.898725
5.013003 0.901592
5.017003 0.904146
5.021004 0.906390
5.025005 0.908329
5.029006 0.909970
5.033007 0.911316
5.037007 0.912374
5.041008 0.913148
5.045009 0.913645
5.049010 0.913868
5.053011 0.913824
5.057011 0.913518
5.061012 0.912954
5.065013 0.912139
5.069014 0.911077
5.073015 0.909774
5.077015 0.908233
5.081016 0.906462
5.085017 0.904463
5.089018 0.902243
5.093019 0.899804
5.097019 0.897154
5.101020 0.894294
5.105021 0.891231
5.109022 0.887967
5.113023 0.884508
5.117023 0.880857
5.121024 0.877018
5.125025 0.872995
5.129026 0.868792
5.133027 0.864411
5.137027 0.859857
5.141028 0.855133
5.145029 0.850242
5.149030 0.845186
5.153031 0.839970
5.157031 0.834596
5.161032 0.829066
5.165033 0.823384
5.169034 0.817551
5.173035 0.811571
5.177035 0.805447
5.181036 0.799179
5.185037 0.792771
5.189038 0.786225
5.193039 0.779543
5.197039 0.772728
5.201040 0.765780
5.205041 0.758702
5.209042 0.751497
5.213043 0.744165
5.217043 0.736710
5.221044 0.729132
5.225045 0.721433
5.229046 0.713615
5.233047 0.705681
5.237047 0.697631
5.241048 0.689467
5.245049 0.681191
5.249050 0.672805
5.253051 0.664310
5.257051 0.655708
5.261052 0.647000
5.265053 0.638188
5.269054 0.629274
5.273055 0.620259
5.277055 0.611144
5.281056 0.601932
5.285057 0.592625
5.289058 0.583222
5.293059 0.573727
5.297059 0.564140
5.301060 0.554464
5.305061 0.544699
5.309062 0.534848
5.313063 0.524913
5.317063 0.514894
5.321064 0.504793
5.325065 0.494612
5.329066 0.484353
5.333067 0.474017
5.337067 0.463607
5.341068 0.453123
5.345069 0.442567
5.349070 0.431941
5.353071 0.421246
5.357071 0.410486
5.361072 0.399660
5.365073 0.388771
5.369074 0.377820
5.373075 0.366810
5.377075 0.355742
5.381076 0.344618
5.385077 0.333439
5.389078 0.322207
5.393079 0.310925
5.397079 0.299593
5.401080 0.288214
5.405081 0.276790
5.409082 0.265322
5.413083 0.253812
5.417083 0.242261
5.421084 0.230673
5.425085 0.219048
5.429086 0.207388
5.433087 0.195696
5.437087 0.183973
5.441088 0.172221
5.445089 0.160441
5.449090 0.148636
5.453091 0.136808
5.457091 0.124958
5.461092 0.113088
5.465093 0.101201
5.469094 0.089297
5.473095 0.077379
5.477095 0.065449
5.481096 0.053509
5.485097 0.041561
5.489098 0.029605
5.493099 0.017645
5.497099 0.005683
5.501100 -0.006281
5.505101 -0.018244
5.509102 -0.030203
5.513103 -0.042158
5.517103 -0.054107
5.521104 -0.066046
5.525105 -0.077976
5.529106 -0.089893
5.533107 -0.101795
5.537107 -0.113682
5.541108 -0.125551
5.545109 -0.137400
5.549110 -0.149227
5.553111 -0.161031
5.557111 -0.172809
5.561112 -0.184560
5.565113 -0.196282
5.569114 -0.207972
5.573115 -0.219630
5.577115 -0.231253
5.581116 -0.242840
5.585117 -0.254388
5.589118 -0.265896
5.593119 -0.277363
5.597119 -0.288785
5.601120 -0.300162
5.605121 -0.311491
5.609122 -0.322771
5.613123 -0.334000
5.617123 -0.345176
5.621124 -0.356298
5.625125 -0.367363
5.629126 -0.378371
5.633127 -0.389319
5.637127 -0.400205
5.641128 -0.411028
5.645129 -0.421786
5.649130 -0.432477
5.653131 -0.443100
5.657131 -0.453653
5.661132 -0.464135
5.665133 -0.474543
5.669134 -0.484876
5.673135 -0.495132
5.677135 -0.505311
5.681136 -0.515409
5.685137 -0.525426
5.689138 -0.535360
5.693139 -0.545210
5.697139 -0.554973
5.701140 -0.564649
5.705141 -0.574235
5.709142 -0.583731
5.713143 -0.593134
5.717143 -0.602444
5.721144 -0.611659
5.725145 -0.620777
5.729146 -0.629797
5.733147 -0.638717
5.737147 -0.647537
5.741148 -0.656254
5.745149 -0.664868
5.749150 -0.673376
5.753151 -0.681779
5.757151 -0.690073
5.761152 -0.698259
5.765153 -0.706334
5.769154 -0.714297
5.773155 -0.722148
5.777155 -0.729885
5.781156 -0.737506
5.785157 -0.745011
5.789158 -0.752398
5.793159 -0.759667
5.797159 -0.766815
5.801160 -0.773842
5.805161 -0.780747
5.809162 -0.787528
5.813163 -0.794186
5.817163 -0.800717
5.821164 -0.807123
5.825165 -0.813400
5.829166 -0.819549
5.833167 -0.825569
5.837167 -0.831459
5.841168 -0.837217
5.845169 -0.842842
5.849170 -0.848335
5.853171 -0.853693
5.857171 -0.858917
5.861172 -0.864005
5.865173 -0.868957
5.869174 -0.873771
5.873175 -0.878447
5.877175 -0.882984
5.881176 -0.887382
5.885177 -0.891640
5.889178 -0.895757
5.893179 -0.899732
5.897179 -0.903566
5.901180 -0.907256
5.905181 -0.910803
5.909182 -0.914207
5.913183 -0.917466
5.917183 -0.920580
5.921184 -0.923548
5.925185 -0.926371
5.929186 -0.929047
5.933187 -0.931577
5.937187 -0.933959
5.941188 -0.936194
5.945189 -0.938281
5.949190 -0.940219
5.953191 -0.942010
5.957191 -0.943651
5.961192 -0.945143
5.965193 -0.946486
5.969194 -0.947680
5.973195 -0.948723
5.977195 -0.949617
5.981196 -0.950361
5.985197 -0.950955
5.989198 -0.951398
5.993199 -0.951691
5.997199 -0.951834
6.001200 -0.951827
6.005201 -0.951669
6.009202 -0.951361
6.013203 -0.950902
6.017203 -0.950293
6.021204 -0.949535
6.025205 -0.948626
6.029206 -0.947567
6.033207 -0.946359
6.037207 -0.945001
6.041208 -0.943493
6.045209 -0.941837
6.049210 -0.940032
6.053211 -0.938079
6.057211 -0.935977
6.061212 -0.933727
6.065213 -0.931330
6.069214 -0.928786
6.073215 -0.926095
6.077215 -0.923258
6.081216 -0.920275
6.085217 -0.917146
6.089218 -0.913873
6.093219 -0.910455
6.097219 -0.906894
6.101220 -0.903189
6.105221 -0.899341
6.109222 -0.895352
6.113223 -0.891221
6.117223 -0.886949
6.121224 -0.882537
6.125225 -0.877986
6.129226 -0.873296
6.133227 -0.868468
6.137227 -0.863502
6.141228 -0.858401
6.145229 -0.853164
6.149230 -0.847792
6.153231 -0.842286
6.157231 -0.836647
6.161232 -0.830876
6.165233 -0.824973
6.169234 -0.818940
6.173235 -0.812778
6.177235 -0.806488
6.181236 -0.800070
6.185237 -0.793526
6.189238 -0.786856
6.193239 -0.780062
6.197239 -0.773145
6.201240 -0.766105
6.205241 -0.758945
6.209242 -0.751665
6.213243 -0.744266
6.217243 -0.736749
6.221244 -0.729116
6.225245 -0.721368
6.229246 -0.713506
6.233247 -0.705531
6.237247 -0.697445
6.241248 -0.689249
6.245249 -0.680943
6.249250 -0.672530
6.253251 -0.664011
6.257251 -0.655387
6.261252 -0.646660
6.265253 -0.637830
6.269254 -0.628899
6.273255 -0.619869
6.277255 -0.610742
6.281256 -0.601517
6.285257 -0.592198
6.289258 -0.582785
6.293259 -0.573280
6.297259 -0.563685
6.301260 -0.554001
6.305261 -0.544228
6.309262 -0.534370
6.313263 -0.524428
6.317263 -0.514403
6.321264 -0.504296
6.325265 -0.494110
6.329266 -0.483846
6.333267 -0.473505
6.337267 -0.463090
6.341268 -0.452601
6.345269 -0.442041
6.349270 -0.431411
6.353271 -0.420713
6.357271 -0.409948
6.361272 -0.399119
6.365273 -0.388226
6.369274 -0.377273
6.373275 -0.366259
6.377275 -0.355188
6.381276 -0.344061
6.385277 -0.332879
6.389278 -0.321645
6.393279 -0.310360
6.397279 -0.299026
6.401280 -0.287645
6.405281 -0.276218
6.409282 -0.264747
6.413283 -0.253235
6.417283 -0.241683
6.421284 -0.230093
6.425285 -0.218466
6.429286 -0.206805
6.433287 -0.195111
6.437287 -0.183386
6.441288 -0.171632
6.445289 -0.159851
6.449290 -0.148045
6.453291 -0.136216
6.457291 -0.124365
6.461292 -0.112494
6.465293 -0.100606
6.469294 -0.088701
6.473295 -0.076783
6.477295 -0.064853
6.481296 -0.052912
6.485297 -0.040963
6.489298 -0.029007
6.493299 -0.017047
6.497299 -0.005085
6.501300 0.006879
6.505301 0.018842
6.509302 0.030801
6.513303 0.042756
6.517303 0.054704
6.521304 0.066643
6.525305 0.078572
6.529306 0.090488
6.533307 0.102390
6.537307 0.114276
6.541308 0.126144
6.545309 0.137992
6.549310 0.149818
6.553311 0.161620
6.557311 0.173397
6.561312 0.185147
6.565313 0.196867
6.569314 0.208556
6.573315 0.220212
6.577315 0.231834
6.581316 0.243418
6.585317 0.254965
6.589318 0.266471
6.593319 0.277935
6.597319 0.289355
6.601320 0.300729
6.605321 0.312056
6.609322 0.323333
6.613323 0.334560
6.617323 0.345734
6.621324 0.356853
6.625325 0.367915
6.629326 0.378920
6.633327 0.389864
6.637327 0.400747
6.641328 0.411567
6.645329 0.422322
6.649330 0.433010
6.653331 0.443629
6.657331 0.454179
6.661332 0.464657
6.665333 0.475061
6.669334 0.485390
6.673335 0.495643
6.677335 0.505817
6.681336 0.515912
6.685337 0.525925
6.689338 0.535855
6.693339 0.545700
6.697339 0.555459
6.701340 0.565130
6.705341 0.574712
6.709342 0.584203
6.713343 0.593602
6.717343 0.602907
6.721344 0.612117
6.725345 0.621230
6.729346 0.630245
6.733347 0.639161
6.737347 0.647975
6.741348 0.656687
6.745349 0.665296
6.749350 0.673799
6.753351 0.682196
6.757351 0.690485
6.761352 0.698665
6.765353 0.706735
6.769354 0.714693
6.773355 0.722538
6.777355 0.730269
6.781356 0.737884
6.785357 0.745383
6.789358 0.752764
6.793359 0.760027
6.797359 0.767169
6.801360 0.774190
6.805361 0.781089
6.809362 0.787864
6.813363 0.794515
6.817363 0.801041
6.821364 0.807439
6.825365 0.813711
6.829366 0.819854
6.833367 0.825867
6.837367 0.831750
6.841368 0.837501
6.845369 0.843120
6.849370 0.848606
6.853371 0.853958
6.857371 0.859175
6.861372 0.864256
6.865373 0.869201
6.869374 0.874008
6.873375 0.878677
6.877375 0.883208
6.881376 0.887599
6.885377 0.891849
6.889378 0.895959
6.893379 0.899928
6.897379 0.903754
6.901380 0.907437
6.905381 0.910977
6.909382 0.914373
6.913383 0.917625
6.917383 0.920732
6.921384 0.923693
6.925385 0.926508
6.929386 0.929177
6.933387 0.931699
6.937387 0.934074
6.941388 0.936302
6.945389 0.938381
6.949390 0.940312
6.953391 0.942095
6.957391 0.943729
6.961392 0.945214
6.965393 0.946549
6.969394 0.947735
6.973395 0.948772
6.977395 0.949658
6.981396 0.950394
6.985397 0.950980
6.989398 0.951416
6.993399 0.951702
6.997399 0.951837
7.001400 0.951822
7.005401 0.951657
7.009402 0.951341
7.013403 0.950875
7.017403 0.950259
7.021404 0.949493
7.025405 0.948576
7.029406 0.947510
7.033407 0.946294
7.037407 0.944929
7.041408 0.943414
7.045409 0.941751
7.049410 0.939938
7.053411 0.937977
7.057411 0.935868
7.061412 0.933611
7.065413 0.931207
7.069414 0.928655
7.073415 0.925957
7.077415 0.923112
7.081416 0.920122
7.085417 0.916986
7.089418 0.913705
7.093419 0.910281
7.097419 0.906712
7.101420 0.903000
7.105421 0.899145
7.109422 0.895149
7.113423 0.891010
7.117423 0.886732
7.121424 0.882313
7.125425 0.877754
7.129426 0.873057
7.133427 0.868223
7.137427 0.863251
7.141428 0.858142
7.145429 0.852898
7.149430 0.847519
7.153431 0.842007
7.157431 0.836361
7.161432 0.830584
7.165433 0.824675
7.169434 0.818635
7.173435 0.812467
7.177435 0.806170
7.181436 0.799746
7.185437 0.793195
7.189438 0.786519
7.193439 0.779719
7.197439 0.772796
7.201440 0.765750
7.205441 0.758584
7.209442 0.751298
7.213443 0.743893
7.217443 0.736370
7.221444 0.728732
7.225445 0.720978
7.229446 0.713110
7.233447 0.705130
7.237447 0.697038
7.241448 0.688836
7.245449 0.680525
7.249450 0.672107
7.253451 0.663582
7.257451 0.654953
7.261452 0.646220
7.265453 0.637386
7.269454 0.628450
7.273455 0.619415
7.277455 0.610283
7.281456 0.601054
7.285457 0.591730
7.289458 0.582312
7.293459 0.572803
7.297459 0.563203
7.301460 0.553514
7.305461 0.543738
7.309462 0.533875
7.313463 0.523929
7.317463 0.513899
7.321464 0.503789
7.325465 0.493599
7.329466 0.483331
7.333467 0.472986
7.337467 0.462567
7.341468 0.452075
7.345469 0.441511
7.349470 0.430878
7.353471 0.420176
7.357471 0.409408
7.361472 0.398576
7.365473 0.387680
7.369474 0.376724
7.373475 0.365707
7.377475 0.354633
7.381476 0.343503
7.385477 0.332319
7.389478 0.321082
7.393479 0.309794
7.397479 0.298458
7.401480 0.287074
7.405481 0.275645
7.409482 0.264173
7.413483 0.252659
7.417483 0.241104
7.421484 0.229512
7.425485 0.217884
7.429486 0.206221
7.433487 0.194525
7.437487 0.182799
7.441488 0.171044
7.445489 0.159262
7.449490 0.147454
7.453491 0.135624
7.457491 0.123772
7.461492 0.111900
7.465493 0.100011
7.469494 0.088106
7.473495 0.076187
7.477495 0.064256
7.481496 0.052315
7.485497 0.040365
7.489498 0.028410
7.493499 0.016449
7.497499 0.004486
7.501500 -0.007477
7.505501 -0.019440
7.509502 -0.031399
7.513503 -0.043353
7.517504 -0.055301
7.521504 -0.067240
7.525505 -0.079168
7.529506 -0.091084
7.533507 -0.102985
7.537508 -0.114870
7.541508 -0.126737
7.545509 -0.138584
7.549510 -0.150408
7.553511 -0.162210
7.557512 -0.173985
7.561512 -0.185733
7.565513 -0.197452
7.569514 -0.209140
7.573515 -0.220794
7.577516 -0.232414
7.581516 -0.243997
7.585517 -0.255541
7.589518 -0.267045
7.593519 -0.278507
7.597520 -0.289925
7.601520 -0.301297
7.605521 -0.312621
7.609522 -0.323896
7.613523 -0.335120
7.617524 -0.346291
7.621524 -0.357407
7.625525 -0.368467
7.629526 -0.379468
7.633527 -0.390410
7.637528 -0.401290
7.641528 -0.412106
7.645529 -0.422858
7.649530 -0.433542
7.653531 -0.444159
7.657532 -0.454705
7.661532 -0.465179
7.665533 -0.475579
7.669534 -0.485905
7.673535 -0.496154
7.677536 -0.506324
7.681536 -0.516414
7.685537 -0.526423
7.689538 -0.536349
7.693539 -0.546190
7.697540 -0.555944
7.701540 -0.565611
7.705541 -0.575189
7.709542 -0.584675
7.713543 -0.594070
7.717544 -0.603370
7.721544 -0.612575
7.725545 -0.621683
7.729546 -0.630693
7.733547 -0.639604
7.737548 -0.648413
7.741548 -0.657120
7.745549 -0.665723
7.749550 -0.674221
7.753551 -0.682613
7.757552 -0.690897
7.761552 -0.699071
7.765553 -0.707135
7.769554 -0.715088
7.773555 -0.722927
7.777556 -0.730652
7.781556 -0.738262
7.785557 -0.745755
7.789558 -0.753130
7.793559 -0.760387
7.797560 -0.767523
7.801560 -0.774538
7.805561 -0.781431
7.809562 -0.788200
7.813563 -0.794844
7.817564 -0.801364
7.821564 -0.807756
7.825565 -0.814021
7.829566 -0.820157
7.833567 -0.826164
7.837568 -0.832040
7.841568 -0.837785
7.845569 -0.843398
7.849570 -0.848877
7.853571 -0.854222
7.857572 -0.859432
7.861572 -0.864506
7.865573 -0.869444
7.869574 -0.874245
7.873575 -0.878907
7.877576 -0.883431
7.881576 -0.887815
7.885577 -0.892058
7.889578 -0.896161
7.893579 -0.900122
7.897580 -0.903941
7.901580 -0.907617
7.905581 -0.911150
7.909582 -0.914539
7.913583 -0.917784
7.917584 -0.920883
7.921584 -0.923837
7.925585 -0.926645
7.929586 -0.929307
7.933587 -0.931821
7.937588 -0.934189
7.941588 -0.936409
7.945589 -0.938481
7.949590 -0.940405
7.953591 -0.942180
7.957592 -0.943807
7.961592 -0.945284
7.965593 -0.946612
7.969594 -0.947791
7.973595 -0.948819
7.977596 -0.949698
7.981596 -0.950427
7.985597 -0.951006
7.989598 -0.951434
7.993599 -0.951712
7.997600 -0.951840
8.001600 -0.951818
8.005601 -0.951645
8.009602 -0.951322
8.013603 -0.950848
8.017604 -0.950224
8.021604 -0.949450
8.025605 -0.948527
8.029606 -0.947453
8.033607 -0.946230
8.037608 -0.944857
8.041608 -0.943335
8.045609 -0.941663
8.049610 -0.939844
8.053611 -0.937875
8.057612 -0.935759
8.061612 -0.933494
8.065613 -0.931082
8.069614 -0.928524
8.073615 -0.925818
8.077616 -0.922966
8.081616 -0.919968
8.085617 -0.916825
8.089618 -0.913538
8.093619 -0.910106
8.097620 -0.906530
8.101620 -0.902810
8.105621 -0.898949
8.109622 -0.894945
8.113623 -0.890800
8.117624 -0.886514
8.121624 -0.882088
8.125625 -0.877523
8.129626 -0.872819
8.133627 -0.867977
8.137628 -0.862998
8.141628 -0.857883
8.145629 -0.852632
8.149630 -0.847247
8.153631 -0.841728
8.157632 -0.836075
8.161632 -0.830291
8.165633 -0.824376
8.169634 -0.818330
8.173635 -0.812155
8.177636 -0.805852
8.181636 -0.799421
8.185637 -0.792864
8.189638 -0.786182
8.193639 -0.779376
8.197640 -0.772446
8.201640 -0.765395
8.205641 -0.758222
8.209642 -0.750930
8.213643 -0.743519
8.217644 -0.735991
8.221644 -0.728347
8.225645 -0.720587
8.229646 -0.712714
8.233647 -0.704728
8.237648 -0.696630
8.241648 -0.688423
8.245649 -0.680107
8.249650 -0.671683
8.253651 -0.663153
8.257652 -0.654519
8.261652 -0.645781
8.265653 -0.636941
8.269654 -0.628001
8.273655 -0.618961
8.277656 -0.609824
8.281656 -0.600590
8.285657 -0.591261
8.289658 -0.581839
8.293659 -0.572325
8.297660 -0.562721
8.301660 -0.553027
8.305661 -0.543247
8.309662 -0.533380
8.313663 -0.523429
8.317664 -0.513396
8.321664 -0.503281
8.325665 -0.493087
8.329666 -0.482815
8.333667 -0.472467
8.337668 -0.462044
8.341668 -0.451548
8.345669 -0.440981
8.349670 -0.430344
8.353671 -0.419639
8.357672 -0.408868
8.361672 -0.398032
8.365673 -0.387134
8.369674 -0.376174
8.373675 -0.365155
8.377676 -0.354078
8.381676 -0.342945
8.385677 -0.331758
8.389678 -0.320519
8.393679 -0.309229
8.397680 -0.297890
8.401680 -0.286504
8.405681 -0.275073
8.409682 -0.263598
8.413683 -0.252082
8.417684 -0.240526
8.421684 -0.228932
8.425685 -0.217301
8.429686 -0.205637
8.433687 -0.193940
8.437688 -0.182212
8.441688 -0.170455
8.445689 -0.158672
8.449690 -0.146863
8.453691 -0.135032
8.457692 -0.123179
8.461692 -0.111306
8.465693 -0.099416
8.469694 -0.087510
8.473695 -0.075591
8.477696 -0.063659
8.481696 -0.051717
8.485697 -0.039768
8.489698 -0.027812
8.493699 -0.015851
8.497700 -0.003888
8.501700 0.008075
8.505701 0.020038
8.509702 0.031997
8.513703 0.043951
8.517704 0.055898
8.521704 0.067836
8.525705 0.079764
8.529706 0.091679
8.533707 0.103579
8.537708 0.115464
8.541708 0.127330
8.545709 0.139175
8.549710 0.150999
8.553711 0.162799
8.557712 0.174573
8.561712 0.186320
8.565713 0.198037
8.569714 0.209723
8.573715 0.221376
8.577716 0.232994
8.581716 0.244575
8.585717 0.256117
8.589718 0.267619
8.593719 0.279079
8.597720 0.290494
8.601720 0.301864
8.605721 0.313186
8.609722 0.324458
8.613723 0.335680
8.617724 0.346848
8.621724 0.357961
8.625725 0.369018
8.629726 0.380017
8.633727 0.390955
8.637728 0.401832
8.641728 0.412646
8.645729 0.423394
8.649730 0.434075
8.653731 0.444688
8.657732 0.455230
8.661732 0.465700
8.665733 0.476097
8.669734 0.486419
8.673735 0.496664
8.677736 0.506830
8.681736 0.516917
8.685737 0.526922
8.689738 0.536843
8.693739 0.546680
8.697740 0.556430
8.701740 0.566092
8.705741 0.575665
8.709742 0.585147
8.713743 0.594537
8.717744 0.603832
8.721744 0.613033
8.725745 0.622136
8.729746 0.631141
8.733747 0.640047
8.737748 0.648851
8.741748 0.657553
8.745749 0.666151
8.749750 0.674644
8.753751 0.683030
8.757752 0.691308
8.761752 0.699477
8.765753 0.707535
8.769754 0.715482
8.773755 0.723316
8.777756 0.731035
8.781756 0.738639
8.785757 0.746127
8.789758 0.753496
8.793759 0.760746
8.797760 0.767877
8.801760 0.774886
8.805761 0.781772
8.809762 0.788535
8.813763 0.795173
8.817764 0.801686
8.821764 0.808072
8.825765 0.814331
8.829766 0.820461
8.833767 0.826461
8.837768 0.832331
8.841768 0.838069
8.845769 0.843675
8.849770 0.849147
8.853771 0.854486
8.857772 0.859689
8.861772 0.864757
8.865773 0.869688
8.869774 0.874481
8.873775 0.879137
8.877776 0.883653
8.881776 0.888030
8.885777 0.892267
8.889778 0.896362
8.893779 0.900317
8.897780 0.904128
8.901780 0.907798
8.905781 0.911323
8.909782 0.914705
8.913783 0.917942
8.917784 0.921034
8.921784 0.923981
8.925785 0.926782
8.929786 0.929436
8.933787 0.931943
8.937788 0.934304
8.941788 0.936516
8.945789 0.938581
8.949790 0.940497
8.953791 0.942265
8.957792 0.943884
8.961792 0.945354
8.965793 0.946675
8.969794 0.947846
8.973795 0.948867
8.977796 0.949738
8.981796 0.950460
8.985797 0.951031
8.989798 0.951452
8.993799 0.951722
8.997800 0.951843
9.001800 0.951813
9.005801 0.951632
9.009802 0.951301
9.013803 0.950820
9.017804 0.950189
9.021804 0.949408
9.025805 0.948476
9.029806 0.947395
9.033807 0.946164
9.037808 0.944784
9.041808 0.943255
9.045809 0.941576
9.049810 0.939749
9.053811 0.937773
9.057812 0.935649
9.061812 0.933377
9.065813 0.930958
9.069814 0.928392
9.073815 0.925679
9.077816 0.922820
9.081816 0.919815
9.085817 0.916665
9.089818 0.913369
9.093819 0.909930
9.097820 0.906347
9.101820 0.902621
9.105821 0.898752
9.109822 0.894741
9.113823 0.890589
9.117824 0.886296
9.121824 0.881863
9.125825 0.877291
9.129826 0.872580
9.133827 0.867732
9.137828 0.862746
9.141828 0.857624
9.145829 0.852366
9.149830 0.846974
9.153831 0.841448
9.157832 0.835789
9.161832 0.829999
9.165833 0.824076
9.169834 0.818024
9.173835 0.811843
9.177836 0.805533
9.181836 0.799096
9.185837 0.792533
9.189838 0.785845
9.193839 0.779032
9.197840 0.772097
9.201840 0.765039
9.205841 0.757861
9.209842 0.750563
9.213843 0.743146
9.217844 0.735612
9.221844 0.727961
9.225845 0.720196
9.229846 0.712317
9.233847 0.704325
9.237848 0.696223
9.241848 0.688010
9.245849 0.679688
9.249850 0.671259
9.253851 0.662724
9.257852 0.654085
9.261852 0.645342
9.265853 0.636497
9.269854 0.627551
9.273855 0.618507
9.277856 0.609364
9.281856 0.600126
9.285857 0.590792
9.289858 0.581365
9.293859 0.571847
9.297860 0.562238
9.301860 0.552540
9.305861 0.542755
9.309862 0.532884
9.313863 0.522930
9.317864 0.512892
9.321864 0.502773
9.325865 0.492575
9.329866 0.482300
9.333867 0.471948
9.337868 0.461521
9.341868 0.451022
9.345869 0.440451
9.349870 0.429811
9.353871 0.419102
9.357872 0.408328
9.361872 0.397489
9.365873 0.386587
9.369874 0.375625
9.373875 0.364602
9.377876 0.353523
9.381876 0.342387
9.385877 0.331197
9.389878 0.319956
9.393879 0.308663
9.397880 0.297322
9.401880 0.285933
9.405881 0.274500
9.409882 0.263023
9.413883 0.251505
9.417884 0.239947
9.421884 0.228351
9.425885 0.216719
9.429886 0.205053
9.433887 0.193354
9.437888 0.181625
9.441888 0.169867
9.445889 0.158082
9.449890 0.146272
9.453891 0.134440
9.457892 0.122585
9.461892 0.110712
9.465893 0.098821
9.469894 0.086915
9.473895 0.074994
9.477896 0.063062
9.481896 0.051120
9.485897 0.039170
9.489898 0.027214
9.493899 0.015253
9.497900 0.003290
9.501900 -0.008674
9.505901 -0.020636
9.509902 -0.032595
9.513903 -0.044548
9.517904 -0.056495
9.521904 -0.068433
9.525905 -0.080360
9.529906 -0.092274
9.533907 -0.104174
9.537908 -0.116057
9.541908 -0.127922
9.545909 -0.139767
9.549910 -0.151590
9.553911 -0.163388
9.557912 -0.175161
9.561912 -0.186907
9.565913 -0.198622
9.569914 -0.210307
9.573915 -0.221958
9.577916 -0.233574
9.581916 -0.245153
9.585917 -0.256693
9.589918 -0.268193
9.593919 -0.279651
9.597920 -0.291064
9.601920 -0.302431
9.605921 -0.313751
9.609922 -0.325021
9.613923 -0.336239
9.617924 -0.347405
9.621924 -0.358516
9.625925 -0.369570
9.629926 -0.380565
9.633927 -0.391501
9.637928 -0.402374
9.641928 -0.413184
9.645929 -0.423929
9.649930 -0.434607
9.653931 -0.445216
9.657932 -0.455755
9.661932 -0.466222
9.665933 -0.476615
9.669934 -0.486933
9.673935 -0.497174
9.677936 -0.507337
9.681936 -0.517419
9.685937 -0.527420
9.689938 -0.537337
9.693939 -0.547169
9.697940 -0.556915
9.701940 -0.566573
9.705941 -0.576142
9.709942 -0.585619
9.713943 -0.595004
9.717944 -0.604295
9.721944 -0.613490
9.725945 -0.622589
9.729946 -0.631589
9.733947 -0.640489
9.737948 -0.649289
9.741948 -0.657985
9.745949 -0.666578
9.749950 -0.675065
9.753951 -0.683446
9.757952 -0.691719
9.761952 -0.699882
9.765953 -0.707935
9.769954 -0.715877
9.773955 -0.723705
9.777956 -0.731418
9.781956 -0.739016
9.785957 -0.746498
9.789958 -0.753861
9.793959 -0.761106
9.797960 -0.768230
9.801960 -0.775233
9.805961 -0.782113
9.809962 -0.788870
9.813963 -0.795502
9.817964 -0.802009
9.821964 -0.808388
9.825965 -0.814640
9.829966 -0.820764
9.833967 -0.826758
9.837968 -0.832621
9.841968 -0.838352
9.845969 -0.843951
9.849970 -0.849417
9.853971 -0.854749
9.857972 -0.859946
9.861972 -0.865006
9.865973 -0.869930
9.869974 -0.874717
9.873975 -0.879366
9.877976 -0.883875
9.881976 -0.888245
9.885977 -0.892475
9.889978 -0.896564
9.893979 -0.900511
9.897980 -0.904315
9.901980 -0.907977
9.905981 -0.911496
9.909982 -0.914870
9.913983 -0.918100
9.917984 -0.921185
9.921984 -0.924124
9.925985 -0.926918
9.929986 -0.929565
9.933987 -0.932065
9.937988 -0.934418
9.941988 -0.936623
9.945989 -0.938680
9.949990 -0.940589
9.953991 -0.942350
9.957992 -0.943961
9.961992 -0.945424
9.965993 -0.946737
9.969994 -0.947900
9.973995 -0.948914
9.977996 -0.949778
9.981996 -0.950492
9.985997 -0.951055
9.989998 -0.951469
9.993999 -0.951732
9.998000 -0.951845
10.002000 -0.951807
10.006001 -0.951619
10.010002 -0.951281
10.014003 -0.950792
10.018004 -0.950154
10.022004 -0.949365
10.026005 -0.948426
10.030006 -0.947337
10.034007 -0.946099
10.038008 -0.944711
10.042008 -0.943174
10.046009 -0.941488
10.050010 -0.939653
10.054011 -0.937670
10.058012 -0.935539
10.062012 -0.933260
10.066013 -0.930833
10.070014 -0.928260
10.074015 -0.925539
10.078016 -0.922673
10.082016 -0.919661
10.086017 -0.916503
10.090018 -0.913201
10.094019 -0.909754
10.098020 -0.906164
10.102020 -0.902431
10.106021 -0.898555
10.110022 -0.894537
10.114023 -0.890378
10.118024 -0.886078
10.122024 -0.881638
10.126025 -0.877059
10.130026 -0.872341
10.134027 -0.867486
10.138028 -0.862493
10.142028 -0.857364
10.146029 -0.852100
10.150030 -0.846701
10.154031 -0.841168
10.158032 -0.835503
10.162032 -0.829706
10.166033 -0.823777
10.170034 -0.817718
10.174035 -0.811530
10.178036 -0.805214
10.182036 -0.798771
10.186037 -0.792202
10.190038 -0.785507
10.194039 -0.778688
10.198040 -0.771747
10.202040 -0.764683
10.206041 -0.757499
10.210042 -0.750194
10.214043 -0.742772
10.218044 -0.735232
10.222044 -0.727576
10.226045 -0.719805
10.230046 -0.711920
10.234047 -0.703923
10.238048 -0.695814
10.242048 -0.687596
10.246049 -0.679269
10.250050 -0.670835
10.254051 -0.662295
10.258052 -0.653650
10.262052 -0.644902
10.266053 -0.636052
10.270054 -0.627101
10.274055 -0.618052
10.278056 -0.608905
10.282056 -0.599661
10.286057 -0.590323
10.290058 -0.580892
10.294059 -0.571369
10.298060 -0.561755
10.302060 -0.552053
10.306061 -0.542264
10.310062 -0.532389
10.314063 -0.522430
10.318064 -0.512388
10.322064 -0.502265
10.326065 -0.492063
10.330066 -0.481784
10.334067 -0.471428
10.338068 -0.460998
10.342068 -0.450495
10.346069 -0.439920
10.350070 -0.429277
10.354071 -0.418565
10.358072 -0.407787
10.362072 -0.396945
10.366073 -0.386041
10.370074 -0.375075
10.374075 -0.364050
10.378076 -0.352967
10.382076 -0.341829
10.386077 -0.330637
10.390078 -0.319392
10.394079 -0.308097
10.398080 -0.296753
10.402080 -0.285363
10.406081 -0.273927
10.410082 -0.262448
10.414083 -0.250928
10.418084 -0.239368
10.422084 -0.227770
10.426085 -0.216136
10.430086 -0.204468
10.434087 -0.192768
10.438088 -0.181037
10.442088 -0.169278
10.446089 -0.157492
10.450090 -0.145681
10.454091 -0.133847
10.458092 -0.121992
10.462092 -0.110118
10.466093 -0.098226
10.470094 -0.086319
10.474095 -0.074398
10.478096 -0.062465
10.482096 -0.050523
10.486097 -0.038572
10.490098 -0.026616
10.494099 -0.014655
10.498100 -0.002692
10.502100 0.009272
10.506101 0.021234
10.510102 0.033192
10.514103 0.045146
10.518104 0.057092
10.522104 0.069030
10.526105 0.080956
10.530106 0.092870
10.534107 0.104769
10.538108 0.116651
10.542108 0.128515
10.546109 0.140359
10.550110 0.152180
10.554111 0.163978
10.558112 0.175749
10.562112 0.187493
10.566113 0.199207
10.570114 0.210890
10.574115 0.222539
10.578116 0.234154
10.582116 0.245731
10.586117 0.257269
10.590118 0.268767
10.594119 0.280222
10.598120 0.291633
10.602120 0.302998
10.606121 0.314315
10.610122 0.325583
10.614123 0.336799
10.618124 0.347962
10.622124 0.359070
10.626125 0.370121
10.630126 0.381113
10.634127 0.392046
10.638128 0.402916
10.642128 0.413723
10.646129 0.424465
10.650130 0.435139
10.654131 0.445745
10.658132 0.456280
10.662132 0.466744
10.666133 0.477133
10.670134 0.487447
10.674135 0.497684
10.678136 0.507843
10.682136 0.517921
10.686137 0.527917
10.690138 0.537830
10.694139 0.547659
10.698140 0.557400
10.702140 0.567054
10.706141 0.576618
10.710142 0.586090
10.714143 0.595471
10.718144 0.604757
10.722144 0.613947
10.726145 0.623041
10.730146 0.632036
10.734147 0.640932
10.738148 0.649726
10.742148 0.658417
10.746149 0.667005
10.750150 0.675487
10.754151 0.683862
10.758152 0.692130
10.762152 0.700288
10.766153 0.708335
10.770154 0.716271
10.774155 0.724093
10.778156 0.731801
10.782156 0.739393
10.786157 0.746869
10.790158 0.754226
10.794159 0.761465
10.798160 0.768583
10.802160 0.775580
10.806161 0.782454
10.810162 0.789204
10.814163 0.795830
10.818164 0.802331
10.822164 0.808704
10.826165 0.814950
10.830166 0.821067
10.834167 0.827054
10.838168 0.832910
10.842168 0.838635
10.846169 0.844228
10.850170 0.849687
10.854171 0.855012
10.858172 0.860202
10.862172 0.865256
10.866173 0.870173
10.870174 0.874953
10.874175 0.879594
10.878176 0.884097
10.882176 0.888460
10.886177 0.892683
10.890178 0.896764
10.894179 0.900704
10.898180 0.904502
10.902180 0.908157
10.906181 0.911668
10.910182 0.915035
10.914183 0.918258
10.918184 0.921335
10.922184 0.924268
10.926185 0.927054
10.930186 0.929693
10.934187 0.932186
10.938188 0.934532
10.942188 0.936729
10.946189 0.938779
10.950190 0.940681
10.954191 0.942434
10.958192 0.944038
10.962192 0.945493
10.966193 0.946799
10.970194 0.947955
10.974195 0.948961
10.978196 0.949817
10.982196 0.950524
10.986197 0.951080
10.990198 0.951486
10.994199 0.951741
10.998200 0.951846
11.002200 0.951801
11.006201 0.951606
11.010202 0.951260
11.014203 0.950764
11.018204 0.950118
11.022204 0.949321
11.026205 0.948375
11.030206 0.947279
11.034207 0.946033
11.038208 0.944638
11.042208 0.943093
11.046209 0.941400
11.050210 0.939558
11.054211 0.937567
11.058212 0.935428
11.062212 0.933142
11.066213 0.930708
11.070214 0.928127
11.074215 0.925399
11.078216 0.922526
11.082216 0.919506
11.086217 0.916342
11.090218 0.913032
11.094219 0.909578
11.098220 0.905981
11.102220 0.902240
11.106221 0.898357
11.110222 0.894332
11.114223 0.890166
11.118224 0.885859
11.122224 0.881412
11.126225 0.876826
11.130226 0.872102
11.134227 0.867239
11.138228 0.862240
11.142228 0.857104
11.146229 0.851833
11.150230 0.846428
11.154231 0.840888
11.158232 0.835216
11.162232 0.829412
11.166233 0.823477
11.170234 0.817412
11.174235 0.811218
11.178236 0.804895
11.182236 0.798446
11.186237 0.791870
11.190238 0.785169
11.194239 0.778344
11.198240 0.771396
11.202240 0.764327
11.206241 0.757136
11.210242 0.749826
11.214243 0.742398
11.218244 0.734852
11.222244 0.727190
11.226245 0.719413
11.230246 0.711523
11.234247 0.703520
11.238248 0.695406
11.242248 0.687182
11.246249 0.678850
11.250250 0.670410
11.254251 0.661865
11.258252 0.653215
11.262252 0.644462
11.266253 0.635607
11.270254 0.626651
11.274255 0.617597
11.278256 0.608445
11.282256 0.599196
11.286257 0.589854
11.290258 0.580418
11.294259 0.570890
11.298260 0.561272
11.302260 0.551566
11.306261 0.541772
11.310262 0.531893
11.314263 0.521929
11.318264 0.511884
11.322264 0.501757
11.326265 0.491551
11.330266 0.481268
11.334267 0.470908
11.338268 0.460474
11.342268 0.449968
11.346269 0.439390
11.350270 0.428743
11.354271 0.418028
11.358272 0.407247
11.362272 0.396402
11.366273 0.385494
11.370274 0.374525
11.374275 0.363497
11.378276 0.352412
11.382276 0.341271
11.386277 0.330076
11.390278 0.318829
11.394279 0.307531
11.398280 0.296185
11.402280 0.284792
11.406281 0.273354
11.410282 0.261873
11.414283 0.250351
11.418284 0.238789
11.422284 0.227189
11.426285 0.215554
11.430286 0.203884
11.434287 0.192182
11.438288 0.180450
11.442288 0.168690
11.446289 0.156902
11.450290 0.145090
11.454291 0.133255
11.458292 0.121399
11.462292 0.109524
11.466293 0.097631
11.470294 0.085723
11.474295 0.073802
11.478296 0.061868
11.482296 0.049925
11.486297 0.037975
11.490298 0.026018
11.494299 0.014057
11.498300 0.002094
11.502300 -0.009870
11.506301 -0.021832
11.510302 -0.033790
11.514303 -0.045743
11.518304 -0.057689
11.522304 -0.069626
11.526305 -0.081552
11.530306 -0.093465
11.534307 -0.105363
11.538308 -0.117245
11.542308 -0.129108
11.546309 -0.140950
11.550310 -0.152771
11.554311 -0.164567
11.558312 -0.176337
11.562312 -0.188079
11.566313 -0.199792
11.570314 -0.211473
11.574315 -0.223121
11.578316 -0.234733
11.582316 -0.246309
11.586317 -0.257845
11.590318 -0.269341
11.594319 -0.280794
11.598320 -0.292203
11.602320 -0.303565
11.606321 -0.314880
11.610322 -0.326145
11.614323 -0.337358
11.618324 -0.348519
11.622324 -0.359624
11.626325 -0.370672
11.630326 -0.381662
11.634327 -0.392591
11.638328 -0.403458
11.642328 -0.414262
11.646329 -0.425000
11.650330 -0.435671
11.654331 -0.446273
11.658332 -0.456805
11.662332 -0.467265
11.666333 -0.477651
11.670334 -0.487961
11.674335 -0.498194
11.678336 -0.508349
11.682336 -0.518423
11.686337 -0.528415
11.690338 -0.538324
11.694339 -0.548148
11.698340 -0.557885
11.702340 -0.567534
11.706341 -0.577093
11.710342 -0.586562
11.714343 -0.595937
11.718344 -0.605219
11.722344 -0.614404
11.726345 -0.623493
11.730346 -0.632484
11.734347 -0.641374
11.738348 -0.650163
11.742348 -0.658849
11.746349 -0.667431
11.750350 -0.675908
11.754351 -0.684278
11.758352 -0.692540
11.762352 -0.700693
11.766353 -0.708735
11.770354 -0.716664
11.774355 -0.724481
11.778356 -0.732183
11.782356 -0.739770
11.786357 -0.747240
11.790358 -0.754591
11.794359 -0.761824
11.798360 -0.768936
11.802360 -0.775926
11.806361 -0.782794
11.810362 -0.789539
11.814363 -0.796158
11.818364 -0.802652
11.822364 -0.809019
11.826365 -0.815259
11.830366 -0.821369
11.834367 -0.827350
11.838368 -0.833200
11.842368 -0.838918
11.846369 -0.844504
11.850370 -0.849957
11.854371 -0.855275
11.858372 -0.860458
11.862372 -0.865505
11.866373 -0.870415
11.870374 -0.875188
11.874375 -0.879823
11.878376 -0.884319
11.882376 -0.888675
11.886377 -0.892890
11.890378 -0.896965
11.894379 -0.900897
11.898380 -0.904688
11.902380 -0.908336
11.906381 -0.911840
11.910382 -0.915200
11.914383 -0.918415
11.918384 -0.921485
11.922384 -0.924410
11.926385 -0.927189
11.930386 -0.929821
11.934387 -0.932307
11.938388 -0.934645
11.942388 -0.936835
11.946389 -0.938878
11.950390 -0.940772
11.954391 -0.942518
11.958392 -0.944114
11.962392 -0.945562
11.966393 -0.946860
11.970394 -0.948008
11.974395 -0.949007
11.978396 -0.949856
11.982396 -0.950555
11.986397 -0.951104
11.990398 -0.951502
11.994399 -0.951750
11.998400 -0.951848
12.002400 -0.951795
12.006401 -0.951592
12.010402 -0.951239
12.014403 -0.950735
12.018404 -0.950082
12.022404 -0.949278
12.026405 -0.948324
12.030406 -0.947220
12.034407 -0.945967
12.038408 -0.944564
12.042408 -0.943012
12.046409 -0.941311
12.050410 -0.939462
12.054411 -0.937464
12.058412 -0.935318
12.062412 -0.933024
12.066413 -0.930582
12.070414 -0.927994
12.074415 -0.925259
12.078416 -0.922378
12.082416 -0.919351
12.086417 -0.916179
12.090418 -0.912863
12.094419 -0.909402
12.098420 -0.905797
12.102420 -0.902050
12.106421 -0.898159
12.110422 -0.894127
12.114423 -0.889954
12.118424 -0.885640
12.122424 -0.881186
12.126425 -0.876593
12.130426 -0.871862
12.134427 -0.866992
12.138428 -0.861986
12.142428 -0.856844
12.146429 -0.851566
12.150430 -0.846154
12.154431 -0.840608
12.158432 -0.834929
12.162432 -0.829119
12.166433 -0.823177
12.170434 -0.817105
12.174435 -0.810905
12.178436 -0.804576
12.182436 -0.798120
12.186437 -0.791538
12.190438 -0.784831
12.194439 -0.778000
12.198440 -0.771046
12.202440 -0.763970
12.206441 -0.756774
12.210442 -0.749458
12.214443 -0.742023
12.218444 -0.734472
12.222444 -0.726804
12.226445 -0.719021
12.230446 -0.711125
12.234447 -0.703117
12.238448 -0.694998
12.242448 -0.686768
12.246449 -0.678431
12.250450 -0.669986
12.254451 -0.661435
12.258452 -0.652780
12.262452 -0.644021
12.266453 -0.635161
12.270454 -0.626201
12.274455 -0.617141
12.278456 -0.607984
12.282456 -0.598732
12.286457 -0.589384
12.290458 -0.579943
12.294459 -0.570411
12.298460 -0.560789
12.302460 -0.551078
12.306461 -0.541280
12.310462 -0.531397
12.314463 -0.521429
12.318464 -0.511379
12.322464 -0.501249
12.326465 -0.491039
12.330466 -0.480752
12.334467 -0.470388
12.338468 -0.459951
12.342468 -0.449440
12.346469 -0.438859
12.350470 -0.428209
12.354471 -0.417490
12.358472 -0.406706
12.362472 -0.395858
12.366473 -0.384947
12.370474 -0.373975
12.374475 -0.362944
12.378476 -0.351856
12.382476 -0.340712
12.386477 -0.329514
12.390478 -0.318265
12.394479 -0.306965
12.398480 -0.295616
12.402480 -0.284221
12.406481 -0.272781
12.410482 -0.261298
12.414483 -0.249774
12.418484 -0.238210
12.422484 -0.226608
12.426485 -0.214971
12.430486 -0.203300
12.434487 -0.191596
12.438488 -0.179863
12.442488 -0.168101
12.446489 -0.156312
12.450490 -0.144499
12.454491 -0.132663
12.458492 -0.120806
12.462492 -0.108929
12.466493 -0.097036
12.470494 -0.085127
12.474495 -0.073205
12.478496 -0.061271
12.482496 -0.049328
12.486497 -0.037377
12.490498 -0.025420
12.494499 -0.013459
12.498500 -0.001495
12.502501 0.010468
12.506501 0.022430
12.510502 0.034388
12.514503 0.046341
12.518504 0.058286
12.522505 0.070223
12.526505 0.082148
12.530506 0.094060
12.534507 0.105958
12.538508 0.117838
12.542509 0.129700
12.546509 0.141542
12.550510 0.153361
12.554511 0.165156
12.558512 0.176925
12.562513 0.188666
12.566513 0.200377
12.570514 0.212056
12.574515 0.223702
12.578516 0.235313
12.582517 0.246886
12.586517 0.258421
12.590518 0.269914
12.594519 0.281365
12.598520 0.292772
12.602521 0.304132
12.606521 0.315444
12.610522 0.326707
12.614523 0.337918
12.618524 0.349075
12.622525 0.360177
12.626525 0.371223
12.630526 0.382209
12.634527 0.393136
12.638528 0.404000
12.642529 0.414800
12.646529 0.425535
12.650530 0.436203
12.654531 0.446802
12.658532 0.457330
12.662533 0.467786
12.666533 0.478168
12.670534 0.488474
12.674535 0.498704
12.678536 0.508854
12.682537 0.518924
12.686537 0.528913
12.690538 0.538817
12.694539 0.548637
12.698540 0.558369
12.702541 0.568014
12.706541 0.577569
12.710542 0.587033
12.714543 0.596404
12.718544 0.605680
12.722545 0.614861
12.726545 0.623945
12.730546 0.632930
12.734547 0.641816
12.738548 0.650600
12.742549 0.659281
12.746549 0.667858
12.750550 0.676329
12.754551 0.684694
12.758552 0.692950
12.762553 0.701098
12.766553 0.709134
12.770554 0.717058
12.774555 0.724869
12.778556 0.732565
12.782557 0.740146
12.786557 0.747610
12.790558 0.754956
12.794559 0.762182
12.798560 0.769288
12.802561 0.776273
12.806561 0.783135
12.810562 0.789873
12.814563 0.796486
12.818564 0.802974
12.822565 0.809334
12.826565 0.815567
12.830566 0.821671
12.834567 0.827645
12.838568 0.833489
12.842569 0.839201
12.846569 0.844780
12.850570 0.850226
12.854571 0.855537
12.858572 0.860713
12.862573 0.865754
12.866573 0.870657
12.870574 0.875423
12.874575 0.880051
12.878576 0.884540
12.882577 0.888889
12.886577 0.893097
12.890578 0.897165
12.894579 0.901090
12.898580 0.904874
12.902581 0.908514
12.906581 0.912011
12.910582 0.915364
12.914583 0.918572
12.918584 0.921635
12.922585 0.924553
12.926585 0.927324
12.930586 0.929949
12.934587 0.932427
12.938588 0.934758
12.942589 0.936941
12.946589 0.938976
12.950590 0.940863
12.954591 0.942601
12.958592 0.944190
12.962593 0.945630
12.966593 0.946921
12.970594 0.948062
12.974595 0.949053
12.978596 0.949895
12.982597 0.950586
12.986597 0.951127
12.990598 0.951518
12.994599 0.951759
12.998600 0.951849
13.002601 0.951789
13.006601 0.951578
13.010602 0.951217
13.014603 0.950706
13.018604 0.950045
13.022605 0.949234
13.026605 0.948272
13.030606 0.947161
13.034607 0.945900
13.038608 0.944490
13.042609 0.942931
13.046609 0.941222
13.050610 0.939365
13.054611 0.937360
13.058612 0.935206
13.062613 0.932905
13.066613 0.930457
13.070614 0.927861
13.074615 0.925119
13.078616 0.922230
13.082617 0.919196
13.086617 0.916017
13.090618 0.912693
13.094619 0.909225
13.098620 0.905613
13.102621 0.901858
13.106621 0.897961
13.110622 0.893922
13.114623 0.889742
13.118624 0.885421
13.122625 0.880960
13.126625 0.876360
13.130626 0.871621
13.134627 0.866745
13.138628 0.861732
13.142629 0.856583
13.146629 0.851299
13.150630 0.845880
13.154631 0.840327
13.158632 0.834642
13.162633 0.828825
13.166633 0.822876
13.170634 0.816798
13.174635 0.810591
13.178636 0.804256
13.182637 0.797794
13.186637 0.791205
13.190638 0.784492
13.194639 0.777655
13.198640 0.770695
13.202641 0.763613
13.206641 0.756411
13.210642 0.749089
13.214643 0.741648
13.218644 0.734091
13.222645 0.726417
13.226645 0.718629
13.230646 0.710728
13.234647 0.702714
13.238648 0.694589
13.242649 0.686354
13.246649 0.678011
13.250650 0.669561
13.254651 0.661005
13.258652 0.652344
13.262653 0.643581
13.266653 0.634716
13.270654 0.625750
13.274655 0.616686
13.278656 0.607524
13.282657 0.598266
13.286657 0.588914
13.290658 0.579469
13.294659 0.569932
13.298660 0.560305
13.302661 0.550590
13.306661 0.540788
13.310662 0.530900
13.314663 0.520929
13.318664 0.510875
13.322665 0.500740
13.326665 0.490526
13.330666 0.480235
13.334667 0.469868
13.338668 0.459427
13.342669 0.448913
13.346669 0.438328
13.350670 0.427674
13.354671 0.416953
13.358672 0.406165
13.362673 0.395314
13.366673 0.384400
13.370674 0.373425
13.374675 0.362391
13.378676 0.351300
13.382677 0.340153
13.386677 0.328953
13.390678 0.317701
13.394679 0.306399
13.398680 0.295048
13.402681 0.283650
13.406681 0.272208
13.410682 0.260723
13.414683 0.249196
13.418684 0.237631
13.422685 0.226027
13.426685 0.214388
13.430686 0.202715
13.434687 0.191010
13.438688 0.179275
13.442689 0.167512
13.446689 0.155722
13.450690 0.143908
13.454691 0.132070
13.458692 0.120212
13.462693 0.108335
13.466693 0.096441
13.470694 0.084532
13.474695 0.072609
13.478696 0.060675
13.482697 0.048731
13.486697 0.036779
13.490698 0.024822
13.494699 0.012861
13.498700 0.000897
13.502701 -0.011066
13.506701 -0.023028
13.510702 -0.034986
13.514703 -0.046938
13.518704 -0.058884
13.522705 -0.070819
13.526705 -0.082744
13.530706 -0.094656
13.534707 -0.106552
13.538708 -0.118432
13.542709 -0.130293
13.546709 -0.142133
13.550710 -0.153951
13.554711 -0.165745
13.558712 -0.177513
13.562713 -0.189252
13.566713 -0.200962
13.570714 -0.212639
13.574715 -0.224284
13.578716 -0.235893
13.582717 -0.247464
13.586717 -0.258996
13.590718 -0.270488
13.594719 -0.281937
13.598720 -0.293341
13.602721 -0.304699
13.606721 -0.316009
13.610722 -0.327269
13.614723 -0.338477
13.618724 -0.349632
13.622725 -0.360731
13.626725 -0.371773
13.630726 -0.382757
13.634727 -0.393680
13.638728 -0.404542
13.642729 -0.415339
13.646729 -0.426070
13.650730 -0.436735
13.654731 -0.447330
13.658732 -0.457854
13.662733 -0.468307
13.666733 -0.478685
13.670734 -0.488988
13.674735 -0.499213
13.678736 -0.509360
13.682737 -0.519426
13.686737 -0.529410
13.690738 -0.539310
13.694739 -0.549125
13.698740 -0.558854
13.702741 -0.568494
13.706741 -0.578044
13.710742 -0.587503
13.714743 -0.596870
13.718744 -0.606142
13.722745 -0.615318
13.726745 -0.624397
13.730746 -0.633377
13.734747 -0.642257
13.738748 -0.651036
13.742749 -0.659712
13.746749 -0.668284
13.750750 -0.676750
13.754751 -0.685109
13.758752 -0.693360
13.762753 -0.701502
13.766753 -0.709533
13.770754 -0.717451
13.774755 -0.725257
13.778756 -0.732947
13.782757 -0.740522
13.786757 -0.747980
13.790758 -0.755320
13.794759 -0.762540
13.798760 -0.769640
13.802761 -0.776619
13.806761 -0.783474
13.810762 -0.790206
13.814763 -0.796813
13.818764 -0.803295
13.822765 -0.809649
13.826765 -0.815875
13.830766 -0.821973
13.834767 -0.827941
13.838768 -0.833778
13.842769 -0.839483
13.846769 -0.845055
13.850770 -0.850494
13.854771 -0.855799
13.858772 -0.860969
13.862773 -0.866002
13.866773 -0.870899
13.870774 -0.875658
13.874775 -0.880279
13.878776 -0.884760
13.882777 -0.889102
13.886777 -0.893304
13.890778 -0.897364
13.894779 -0.901283
13.898780 -0.905059
13.902781 -0.908692
13.906781 -0.912182
13.910782 -0.915528
13.914783 -0.918729
13.918784 -0.921785
13.922785 -0.924695
13.926785 -0.927459
13.930786 -0.930077
13.934787 -0.932547
13.938788 -0.934871
13.942789 -0.937046
13.946789 -0.939074
13.950790 -0.940953
13.954791 -0.942684
13.958792 -0.944266
13.962793 -0.945698
13.966793 -0.946981
13.970794 -0.948115
13.974795 -0.949099
13.978796 -0.949933
13.982797 -0.950617
13.986797 -0.951150
13.990798 -0.951534
13.994799 -0.951767
13.998800 -0.951849
14.002801 -0.951782
14.006801 -0.951564
14.010802 -0.951195
14.014803 -0.950677
14.018804 -0.950008
14.022805 -0.949189
14.026805 -0.948220
14.030806 -0.947102
14.034807 -0.945833
14.038808 -0.944416
14.042809 -0.942849
14.046809 -0.941133
14.050810 -0.939269
14.054811 -0.937256
14.058812 -0.935095
14.062813 -0.932786
14.066813 -0.930330
14.070814 -0.927727
14.074815 -0.924978
14.078816 -0.922082
14.082817 -0.919041
14.086817 -0.915854
14.090818 -0.912523
14.094819 -0.909048
14.098820 -0.905429
14.102821 -0.901667
14.106821 -0.897763
14.110822 -0.893716
14.114823 -0.889529
14.118824 -0.885201
14.122825 -0.880733
14.126825 -0.876126
14.130826 -0.871381
14.134827 -0.866498
14.138828 -0.861478
14.142829 -0.856322
14.146829 -0.851031
14.150830 -0.845605
14.154831 -0.840046
14.158832 -0.834354
14.162833 -0.828530
14.166833 -0.822576
14.170834 -0.816491
14.174835 -0.810277
14.178836 -0.803936
14.182837 -0.797467
14.186837 -0.790873
14.190838 -0.784153
14.194839 -0.777310
14.198840 -0.770344
14.202841 -0.763256
14.206841 -0.756047
14.210842 -0.748719
14.214843 -0.741273
14.218844 -0.733710
14.222845 -0.726031
14.226845 -0.718237
14.230846 -0.710330
14.234847 -0.702310
14.238848 -0.694180
14.242849 -0.685939
14.246849 -0.677591
14.250850 -0.669135
14.254851 -0.660574
14.258852 -0.651908
14.262853 -0.643140
14.266853 -0.634270
14.270854 -0.625299
14.274855 -0.616230
14.278856 -0.607063
14.282857 -0.597801
14.286857 -0.588444
14.290858 -0.578994
14.294859 -0.569453
14.298860 -0.559822
14.302861 -0.550102
14.306861 -0.540296
14.310862 -0.530404
14.314863 -0.520428
14.318864 -0.510370
14.322865 -0.500231
14.326865 -0.490014
14.330866 -0.479719
14.334867 -0.469348
14.338868 -0.458903
14.342869 -0.448385
14.346869 -0.437797
14.350870 -0.427140
14.354871 -0.416415
14.358872 -0.405624
14.362873 -0.394769
14.366873 -0.383852
14.370874 -0.372874
14.374875 -0.361838
14.378876 -0.350744
14.382877 -0.339595
14.386877 -0.328392
14.390878 -0.317137
14.394879 -0.305832
14.398880 -0.294479
14.402881 -0.283079
14.406881 -0.271635
14.410882 -0.260148
14.414883 -0.248619
14.418884 -0.237051
14.422885 -0.225446
14.426885 -0.213805
14.430886 -0.202131
14.434887 -0.190424
14.438888 -0.178688
14.442889 -0.166923
14.446889 -0.155132
14.450890 -0.143316
14.454891 -0.131478
14.458892 -0.119619
14.462893 -0.107741
14.466893 -0.095846
14.470894 -0.083936
14.474895 -0.072012
14.478896 -0.060078
14.482897 -0.048133
14.486897 -0.036181
14.490898 -0.024224
14.494899 -0.012262
14.498900 -0.000299
14.502901 0.011664
14.506901 0.023626
14.510902 0.035584
14.514903 0.047536
14.518904 0.059481
14.522905 0.071416
14.526905 0.083340
14.530906 0.095251
14.534907 0.107147
14.538908 0.119025
14.542909 0.130885
14.546909 0.142725
14.550910 0.154542
14.554911 0.166334
14.558912 0.178100
14.562913 0.189838
14.566913 0.201546
14.570914 0.213223
14.574915 0.224865
14.578916 0.236472
14.582917 0.248042
14.586917 0.259572
14.590918 0.271061
14.594919 0.282508
14.598920 0.293910
14.602921 0.305266
14.606921 0.316573
14.610922 0.327830
14.614923 0.339036
14.618924 0.350188
14.622925 0.361284
14.626925 0.372324
14.630926 0.383305
14.634927 0.394225
14.638928 0.405083
14.642929 0.415877
14.646929 0.426605
14.650930 0.437266
14.654931 0.447858
14.658932 0.458379
14.662933 0.468827
14.666933 0.479202
14.670934 0.489501
14.674935 0.499722
14.678936 0.509865
14.682937 0.519927
14.686937 0.529907
14.690938 0.539803
14.694939 0.549614
14.698940 0.559338
14.702941 0.568974
14.706941 0.578519
14.710942 0.587974
14.714943 0.597335
14.718944 0.606603
14.722945 0.615774
14.726945 0.624848
14.730946 0.633823
14.734947 0.642699
14.738948 0.651472
14.742949 0.660143
14.746949 0.668710
14.750950 0.677171
14.754951 0.685525
14.758952 0.693770
14.762953 0.701906
14.766953 0.709931
14.770954 0.717844
14.774955 0.725644
14.778956 0.733329
14.782957 0.740898
14.786957 0.748350
14.790958 0.755684
14.794959 0.762898
14.798960 0.769992
14.802961 0.776964
14.806961 0.783814
14.810962 0.790540
14.814963 0.797141
14.818964 0.803615
14.822965 0.809963
14.826965 0.816183
14.830966 0.822274
14.834967 0.828236
14.838968 0.834066
14.842969 0.839765
14.846969 0.845330
14.850970 0.850763
14.854971 0.856061
14.858972 0.861224
14.862973 0.866250
14.866973 0.871140
14.870974 0.875892
14.874975 0.880506
14.878976 0.884981
14.882977 0.889316
14.886977 0.893510
14.890978 0.897564
14.894979 0.901475
14.898980 0.905244
14.902981 0.908870
14.906981 0.912353
14.910982 0.915691
14.914983 0.918885
14.918984 0.921933
14.922985 0.924836
14.926985 0.927593
14.930986 0.930204
14.934987 0.932667
14.938988 0.934983
14.942989 0.937151
14.946989 0.939171
14.950990 0.941043
14.954991 0.942767
14.958992 0.944341
14.962993 0.945766
14.966993 0.947042
14.970994 0.948168
14.974995 0.949144
14.978996 0.949970
14.982997 0.950647
14.986997 0.951173
14.990998 0.951549
14.994999 0.951774
14.999000 0.951850
15.003001 0.951774
15.007001 0.951549
15.011002 0.951173
15.015003 0.950647
15.019004 0.949970
15.023005 0.949144
15.027005 0.948168
15.031006 0.947042
15.035007 0.945766
15.039008 0.944341
15.043009 0.942767
15.047009 0.941043
15.051010 0.939171
15.055011 0.937151
15.059012 0.934983
15.063013 0.932667
15.067013 0.930204
15.071014 0.927593
15.075015 0.924836
15.079016 0.921933
15.083017 0.918885
15.087017 0.915691
15.091018 0.912353
15.095019 0.908870
15.099020 0.905244
15.103021 0.901475
15.107021 0.897564
15.111022 0.893510
15.115023 0.889316
15.119024 0.884981
15.123025 0.880506
15.127025 0.875892
15.131026 0.871140
15.135027 0.866250
15.139028 0.861224
15.143029 0.856061
15.147029 0.850763
15.151030 0.845330
15.155031 0.839765
15.159032 0.834066
15.163033 0.828236
15.167033 0.822274
15.171034 0.816183
15.175035 0.809963
15.179036 0.803615
15.183037 0.797141
15.187037 0.790540
15.191038 0.783814
15.195039 0.776964
15.199040 0.769992
15.203041 0.762898
15.207041 0.755684
15.211042 0.748350
15.215043 0.740898
15.219044 0.733329
15.223045 0.725644
15.227045 0.717844
15.231046 0.709931
15.235047 0.701906
15.239048 0.693770
15.243049 0.685525
15.247049 0.677171
15.251050 0.668710
15.255051 0.660143
15.259052 0.651472
15.263053 0.642699
15.267053 0.633823
15.271054 0.624848
15.275055 0.615774
15.279056 0.606603
15.283057 0.597335
15.287057 0.587974
15.291058 0.578519
15.295059 0.568974
15.299060 0.559338
15.303061 0.549614
15.307061 0.539803
15.311062 0.529907
15.315063 0.519927
15.319064 0.509865
15.323065 0.499722
15.327065 0.489501
15.331066 0.479202
15.335067 0.468827
15.339068 0.458379
15.343069 0.447858
15.347069 0.437266
15.351070 0.426605
15.355071 0.415877
15.359072 0.405083
15.363073 0.394225
15.367073 0.383305
15.371074 0.372324
15.375075 0.361284
15.379076 0.350188
15.383077 0.339036
15.387077 0.327830
15.391078 0.316573
15.395079 0.305266
15.399080 0.293910
15.403081 0.282508
15.407081 0.271061
15.411082 0.259572
15.415083 0.248042
15.419084 0.236472
15.423085 0.224865
15.427085 0.213223
15.431086 0.201546
15.435087 0.189838
15.439088 0.178100
15.443089 0.166334
15.447089 0.154542
15.451090 0.142725
15.455091 0.130885
15.459092 0.119025
15.463093 0.107147
15.467093 0.095251
15.471094 0.083340
15.475095 0.071416
15.479096 0.059481
15.483097 0.047536
15.487097 0.035584
15.491098 0.023626
15.495099 0.011664
15.499100 -0.000299
15.503101 -0.012262
15.507101 -0.024224
15.511102 -0.036181
15.515103 -0.048133
15.519104 -0.060078
15.523105 -0.072012
15.527105 -0.083936
15.531106 -0.095846
15.535107 -0.107741
15.539108 -0.119619
15.543109 -0.131478
15.547109 -0.143316
15.551110 -0.155132
15.555111 -0.166923
15.559112 -0.178688
15.563113 -0.190424
15.567113 -0.202131
15.571114 -0.213805
15.575115 -0.225446
15.579116 -0.237051
15.583117 -0.248619
15.587117 -0.260148
15.591118 -0.271635
15.595119 -0.283079
15.599120 -0.294479
15.603121 -0.305832
15.607121 -0.317137
15.611122 -0.328392
15.615123 -0.339595
15.619124 -0.350744
15.623125 -0.361838
15.627125 -0.372874
15.631126 -0.383852
15.635127 -0.394769
15.639128 -0.405624
15.643129 -0.416415
15.647129 -0.427140
15.651130 -0.437797
15.655131 -0.448385
15.659132 -0.458903
15.663133 -0.469348
15.667133 -0.479719
15.671134 -0.490014
15.675135 -0.500231
15.679136 -0.510370
15.683137 -0.520428
15.687137 -0.530404
15.691138 -0.540296
15.695139 -0.550102
15.699140 -0.559822
15.703141 -0.569453
15.707141 -0.578994
15.711142 -0.588444
15.715143 -0.597801
15.719144 -0.607063
15.723145 -0.616230
15.727145 -0.625299
15.731146 -0.634270
15.735147 -0.643140
15.739148 -0.651908
15.743149 -0.660574
15.747149 -0.669135
15.751150 -0.677591
15.755151 -0.685939
15.759152 -0.694180
15.763153 -0.702310
15.767153 -0.710330
15.771154 -0.718237
15.775155 -0.726031
15.779156 -0.733710
15.783157 -0.741273
15.787157 -0.748719
15.791158 -0.756047
15.795159 -0.763256
15.799160 -0.770344
15.803161 -0.777310
15.807161 -0.784153
15.811162 -0.790873
15.815163 -0.797467
15.819164 -0.803936
15.823165 -0.810277
15.827165 -0.816491
15.831166 -0.822576
15.835167 -0.828530
15.839168 -0.834354
15.843169 -0.840046
15.847169 -0.845605
15.851170 -0.851031
15.855171 -0.856322
15.859172 -0.861478
15.863173 -0.866498
15.867173 -0.871381
15.871174 -0.876126
15.875175 -0.880733
15.879176 -0.885201
15.883177 -0.889529
15.887177 -0.893716
15.891178 -0.897763
15.895179 -0.901667
15.899180 -0.905429
15.903181 -0.909048
15.907181 -0.912523
15.911182 -0.915854
15.915183 -0.919041
15.919184 -0.922082
15.923185 -0.924978
15.927185 -0.927727
15.931186 -0.930330
15.935187 -0.932786
15.939188 -0.935095
15.943189 -0.937256
15.947189 -0.939269
15.951190 -0.941133
15.955191 -0.942849
15.959192 -0.944416
15.963193 -0.945833
15.967193 -0.947102
15.971194 -0.948220
15.975195 -0.949189
15.979196 -0.950008
15.983197 -0.950677
15.987197 -0.951195
15.991198 -0.951564
15.995199 -0.951782
15.999200 -0.951849
16.003201 -0.951767
16.007201 -0.951534
16.011202 -0.951150
16.015203 -0.950617
16.019204 -0.949933
16.023205 -0.949099
16.027205 -0.948115
16.031206 -0.946981
16.035207 -0.945698
16.039208 -0.944266
16.043209 -0.942684
16.047209 -0.940953
16.051210 -0.939074
16.055211 -0.937046
16.059212 -0.934871
16.063213 -0.932547
16.067213 -0.930077
16.071214 -0.927459
16.075215 -0.924695
16.079216 -0.921785
16.083217 -0.918729
16.087217 -0.915528
16.091218 -0.912182
16.095219 -0.908692
16.099220 -0.905059
16.103221 -0.901283
16.107221 -0.897364
16.111222 -0.893304
16.115223 -0.889102
16.119224 -0.884760
16.123225 -0.880279
16.127225 -0.875658
16.131226 -0.870899
16.135227 -0.866002
16.139228 -0.860969
16.143229 -0.855799
16.147229 -0.850494
16.151230 -0.845055
16.155231 -0.839483
16.159232 -0.833778
16.163233 -0.827941
16.167233 -0.821973
16.171234 -0.815875
16.175235 -0.809649
16.179236 -0.803295
16.183237 -0.796813
16.187237 -0.790206
16.191238 -0.783474
16.195239 -0.776619
16.199240 -0.769640
16.203241 -0.762540
16.207241 -0.755320
16.211242 -0.747980
16.215243 -0.740522
16.219244 -0.732947
16.223245 -0.725257
16.227245 -0.717451
16.231246 -0.709533
16.235247 -0.701502
16.239248 -0.693360
16.243249 -0.685109
16.247249 -0.676750
16.251250 -0.668284
16.255251 -0.659712
16.259252 -0.651036
16.263253 -0.642257
16.267253 -0.633377
16.271254 -0.624397
16.275255 -0.615318
16.279256 -0.606142
16.283257 -0.596870
16.287257 -0.587503
16.291258 -0.578044
16.295259 -0.568494
16.299260 -0.558854
16.303261 -0.549125
16.307261 -0.539310
16.311262 -0.529410
16.315263 -0.519426
16.319264 -0.509360
16.323265 -0.499213
16.327265 -0.488988
16.331266 -0.478685
16.335267 -0.468307
16.339268 -0.457854
16.343269 -0.447330
16.347269 -0.436735
16.351270 -0.426070
16.355271 -0.415339
16.359272 -0.404542
16.363273 -0.393680
16.367273 -0.382757
16.371274 -0.371773
16.375275 -0.360731
16.379276 -0.349632
16.383277 -0.338477
16.387277 -0.327269
16.391278 -0.316009
16.395279 -0.304699
16.399280 -0.293341
16.403281 -0.281937
16.407281 -0.270488
16.411282 -0.258996
16.415283 -0.247464
16.419284 -0.235893
16.423285 -0.224284
16.427285 -0.212639
16.431286 -0.200962
16.435287 -0.189252
16.439288 -0.177513
16.443289 -0.165745
16.447289 -0.153951
16.451290 -0.142133
16.455291 -0.130293
16.459292 -0.118432
16.463293 -0.106552
16.467293 -0.094656
16.471294 -0.082744
16.475295 -0.070819
16.479296 -0.058884
16.483297 -0.046938
16.487297 -0.034986
16.491298 -0.023028
16.495299 -0.011066
16.499300 0.000897
16.503301 0.012861
16.507301 0.024822
16.511302 0.036779
16.515303 0.048731
16.519304 0.060675
16.523305 0.072609
16.527305 0.084532
16.531306 0.096441
16.535307 0.108335
16.539308 0.120212
16.543309 0.132070
16.547309 0.143908
16.551310 0.155722
16.555311 0.167512
16.559312 0.179275
16.563313 0.191010
16.567313 0.202715
16.571314 0.214388
16.575315 0.226027
16.579316 0.237631
16.583317 0.249196
16.587317 0.260723
16.591318 0.272208
16.595319 0.283650
16.599320 0.295048
16.603321 0.306399
16.607321 0.317701
16.611322 0.328953
16.615323 0.340153
16.619324 0.351300
16.623325 0.362391
16.627325 0.373425
16.631326 0.384400
16.635327 0.395314
16.639328 0.406165
16.643329 0.416953
16.647329 0.427674
16.651330 0.438328
16.655331 0.448913
16.659332 0.459427
16.663333 0.469868
16.667333 0.480235
16.671334 0.490526
16.675335 0.500740
16.679336 0.510875
16.683337 0.520929
16.687337 0.530900
16.691338 0.540788
16.695339 0.550590
16.699340 0.560305
16.703341 0.569932
16.707341 0.579469
16.711342 0.588914
16.715343 0.598266
16.719344 0.607524
16.723345 0.616686
16.727345 0.625750
16.731346 0.634716
16.735347 0.643581
16.739348 0.652344
16.743349 0.661005
16.747349 0.669561
16.751350 0.678011
16.755351 0.686354
16.759352 0.694589
16.763353 0.702714
16.767353 0.710728
16.771354 0.718629
16.775355 0.726417
16.779356 0.734091
16.783357 0.741648
16.787357 0.749089
16.791358 0.756411
16.795359 0.763613
16.799360 0.770695
16.803361 0.777655
16.807361 0.784492
16.811362 0.791205
16.815363 0.797794
16.819364 0.804256
16.823365 0.810591
16.827365 0.816798
16.831366 0.822876
16.835367 0.828825
16.839368 0.834642
16.843369 0.840327
16.847369 0.845880
16.851370 0.851299
16.855371 0.856583
16.859372 0.861732
16.863373 0.866745
16.867373 0.871621
16.871374 0.876360
16.875375 0.880960
16.879376 0.885421
16.883377 0.889742
16.887377 0.893922
16.891378 0.897961
16.895379 0.901858
16.899380 0.905613
16.903381 0.909225
16.907381 0.912693
16.911382 0.916017
16.915383 0.919196
16.919384 0.922230
16.923385 0.925119
16.927385 0.927861
16.931386 0.930457
16.935387 0.932905
16.939388 0.935206
16.943389 0.937360
16.947389 0.939365
16.951390 0.941222
16.955391 0.942931
16.959392 0.944490
16.963393 0.945900
16.967393 0.947161
16.971394 0.948272
16.975395 0.949234
16.979396 0.950045
16.983397 0.950706
16.987397 0.951217
16.991398 0.951578
16.995399 0.951789
16.999400 0.951849
17.003401 0.951759
17.007401 0.951518
17.011402 0.951127
17.015403 0.950586
17.019404 0.949895
17.023405 0.949053
17.027405 0.948062
17.031406 0.946921
17.035407 0.945630
17.039408 0.944190
17.043409 0.942601
17.047409 0.940863
17.051410 0.938976
17.055411 0.936941
17.059412 0.934758
17.063413 0.932427
17.067413 0.929949
17.071414 0.927324
17.075415 0.924553
17.079416 0.921635
17.083417 0.918572
17.087417 0.915364
17.091418 0.912011
17.095419 0.908514
17.099420 0.904874
17.103421 0.901090
17.107421 0.897165
17.111422 0.893097
17.115423 0.888889
17.119424 0.884540
17.123425 0.880051
17.127425 0.875423
17.131426 0.870657
17.135427 0.865754
17.139428 0.860713
17.143429 0.855537
17.147429 0.850226
17.151430 0.844780
17.155431 0.839201
17.159432 0.833489
17.163433 0.827645
17.167433 0.821671
17.171434 0.815567
17.175435 0.809334
17.179436 0.802974
17.183437 0.796486
17.187437 0.789873
17.191438 0.783135
17.195439 0.776273
17.199440 0.769288
17.203441 0.762182
17.207441 0.754956
17.211442 0.747610
17.215443 0.740146
17.219444 0.732565
17.223445 0.724869
17.227445 0.717058
17.231446 0.709134
17.235447 0.701098
17.239448 0.692950
17.243449 0.684694
17.247449 0.676329
17.251450 0.667858
17.255451 0.659281
17.259452 0.650600
17.263453 0.641816
17.267453 0.632930
17.271454 0.623945
17.275455 0.614861
17.279456 0.605680
17.283457 0.596404
17.287457 0.587033
17.291458 0.577569
17.295459 0.568014
17.299460 0.558369
17.303461 0.548637
17.307461 0.538817
17.311462 0.528913
17.315463 0.518924
17.319464 0.508854
17.323465 0.498704
17.327465 0.488474
17.331466 0.478168
17.335467 0.467786
17.339468 0.457330
17.343469 0.446802
17.347469 0.436203
17.351470 0.425535
17.355471 0.414800
17.359472 0.404000
17.363473 0.393136
17.367473 0.382209
17.371474 0.371223
17.375475 0.360177
17.379476 0.349075
17.383477 0.337918
17.387477 0.326707
17.391478 0.315444
17.395479 0.304132
17.399480 0.292772
17.403481 0.281365
17.407481 0.269914
17.411482 0.258421
17.415483 0.246886
17.419484 0.235313
17.423485 0.223702
17.427485 0.212056
17.431486 0.200377
17.435487 0.188666
17.439488 0.176925
17.443489 0.165156
17.447489 0.153361
17.451490 0.141542
17.455491 0.129700
17.459492 0.117838
17.463493 0.105958
17.467493 0.094060
17.471494 0.082148
17.475495 0.070223
17.479496 0.058286
17.483497 0.046341
17.487497 0.034388
17.491498 0.022430
17.495499 0.010468
17.499500 -0.001495
17.503501 -0.013459
17.507502 -0.025420
17.511502 -0.037377
17.515503 -0.049328
17.519504 -0.061271
17.523505 -0.073205
17.527506 -0.085127
17.531506 -0.097036
17.535507 -0.108929
17.539508 -0.120806
17.543509 -0.132663
17.547510 -0.144499
17.551510 -0.156312
17.555511 -0.168101
17.559512 -0.179863
17.563513 -0.191596
17.567514 -0.203300
17.571514 -0.214971
17.575515 -0.226608
17.579516 -0.238210
17.583517 -0.249774
17.587518 -0.261298
17.591518 -0.272781
17.595519 -0.284221
17.599520 -0.295616
17.603521 -0.306965
17.607522 -0.318265
17.611522 -0.329514
17.615523 -0.340712
17.619524 -0.351856
17.623525 -0.362944
17.627526 -0.373975
17.631526 -0.384947
17.635527 -0.395858
17.639528 -0.406706
17.643529 -0.417490
17.647530 -0.428209
17.651530 -0.438859
17.655531 -0.449440
17.659532 -0.459951
17.663533 -0.470388
17.667534 -0.480752
17.671534 -0.491039
17.675535 -0.501249
17.679536 -0.511379
17.683537 -0.521429
17.687538 -0.531397
17.691538 -0.541280
17.695539 -0.551078
17.699540 -0.560789
17.703541 -0.570411
17.707542 -0.579943
17.711542 -0.589384
17.715543 -0.598732
17.719544 -0.607984
17.723545 -0.617141
17.727546 -0.626201
17.731546 -0.635161
17.735547 -0.644021
17.739548 -0.652780
17.743549 -0.661435
17.747550 -0.669986
17.751550 -0.678431
17.755551 -0.686768
17.759552 -0.694998
17.763553 -0.703117
17.767554 -0.711125
17.771554 -0.719021
17.775555 -0.726804
17.779556 -0.734472
17.783557 -0.742023
17.787558 -0.749458
17.791558 -0.756774
17.795559 -0.763970
17.799560 -0.771046
17.803561 -0.778000
17.807562 -0.784831
17.811562 -0.791538
17.815563 -0.798120
17.819564 -0.804576
17.823565 -0.810905
17.827566 -0.817105
17.831566 -0.823177
17.835567 -0.829119
17.839568 -0.834929
17.843569 -0.840608
17.847570 -0.846154
17.851570 -0.851566
17.855571 -0.856844
17.859572 -0.861986
17.863573 -0.866992
17.867574 -0.871862
17.871574 -0.876593
17.875575 -0.881186
17.879576 -0.885640
17.883577 -0.889954
17.887578 -0.894127
17.891578 -0.898159
17.895579 -0.902050
17.899580 -0.905797
17.903581 -0.909402
17.907582 -0.912863
17.911582 -0.916179
17.915583 -0.919351
17.919584 -0.922378
17.923585 -0.925259
17.927586 -0.927994
17.931586 -0.930582
17.935587 -0.933024
17.939588 -0.935318
17.943589 -0.937464
17.947590 -0.939462
17.951590 -0.941311
17.955591 -0.943012
17.959592 -0.944564
17.963593 -0.945967
17.967594 -0.947220
17.971594 -0.948324
17.975595 -0.949278
17.979596 -0.950082
17.983597 -0.950735
17.987598 -0.951239
17.991598 -0.951592
17.995599 -0.951795
17.999600 -0.951848
18.003601 -0.951750
18.007602 -0.951502
18.011602 -0.951104
18.015603 -0.950555
18.019604 -0.949856
18.023605 -0.949007
18.027606 -0.948008
18.031606 -0.946860
18.035607 -0.945562
18.039608 -0.944114
18.043609 -0.942518
18.047610 -0.940772
18.051610 -0.938878
18.055611 -0.936835
18.059612 -0.934645
18.063613 -0.932307
18.067614 -0.929821
18.071614 -0.927189
18.075615 -0.924410
18.079616 -0.921485
18.083617 -0.918415
18.087618 -0.915200
18.091618 -0.911840
18.095619 -0.908336
18.099620 -0.904688
18.103621 -0.900897
18.107622 -0.896965
18.111622 -0.892890
18.115623 -0.888675
18.119624 -0.884319
18.123625 -0.879823
18.127626 -0.875188
18.131626 -0.870415
18.135627 -0.865505
18.139628 -0.860458
18.143629 -0.855275
18.147630 -0.849957
18.151630 -0.844504
18.155631 -0.838918
18.159632 -0.833200
18.163633 -0.827350
18.167634 -0.821369
18.171634 -0.815259
18.175635 -0.809019
18.179636 -0.802652
18.183637 -0.796158
18.187638 -0.789539
18.191638 -0.782794
18.195639 -0.775926
18.199640 -0.768936
18.203641 -0.761824
18.207642 -0.754591
18.211642 -0.747240
18.215643 -0.739770
18.219644 -0.732183
18.223645 -0.724481
18.227646 -0.716664
18.231646 -0.708735
18.235647 -0.700693
18.239648 -0.692540
18.243649 -0.684278
18.247650 -0.675908
18.251650 -0.667431
18.255651 -0.658849
18.259652 -0.650163
18.263653 -0.641374
18.267654 -0.632484
18.271654 -0.623493
18.275655 -0.614404
18.279656 -0.605219
18.283657 -0.595937
18.287658 -0.586562
18.291658 -0.577093
18.295659 -0.567534
18.299660 -0.557885
18.303661 -0.548148
18.307662 -0.538324
18.311662 -0.528415
18.315663 -0.518423
18.319664 -0.508349
18.323665 -0.498194
18.327666 -0.487961
18.331666 -0.477651
18.335667 -0.467265
18.339668 -0.456805
18.343669 -0.446273
18.347670 -0.435671
18.351670 -0.425000
18.355671 -0.414262
18.359672 -0.403458
18.363673 -0.392591
18.367674 -0.381662
18.371674 -0.370672
18.375675 -0.359624
18.379676 -0.348519
18.383677 -0.337358
18.387678 -0.326145
18.391678 -0.314880
18.395679 -0.303565
18.399680 -0.292203
18.403681 -0.280794
18.407682 -0.269341
18.411682 -0.257845
18.415683 -0.246309
18.419684 -0.234733
18.423685 -0.223121
18.427686 -0.211473
18.431686 -0.199792
18.435687 -0.188079
18.439688 -0.176337
18.443689 -0.164567
18.447690 -0.152771
18.451690 -0.140950
18.455691 -0.129108
18.459692 -0.117245
18.463693 -0.105363
18.467694 -0.093465
18.471694 -0.081552
18.475695 -0.069626
18.479696 -0.057689
18.483697 -0.045743
18.487698 -0.033790
18.491698 -0.021832
18.495699 -0.009870
18.499700 0.002094
18.503701 0.014057
18.507702 0.026018
18.511702 0.037975
18.515703 0.049925
18.519704 0.061868
18.523705 0.073802
18.527706 0.085723
18.531706 0.097631
18.535707 0.109524
18.539708 0.121399
18.543709 0.133255
18.547710 0.145090
18.551710 0.156902
18.555711 0.168690
18.559712 0.180450
18.563713 0.192182
18.567714 0.203884
18.571714 0.215554
18.575715 0.227189
18.579716 0.238789
18.583717 0.250351
18.587718 0.261873
18.591718 0.273354
18.595719 0.284792
18.599720 0.296185
18.603721 0.307531
18.607722 0.318829
18.611722 0.330076
18.615723 0.341271
18.619724 0.352412
18.623725 0.363497
18.627726 0.374525
18.631726 0.385494
18.635727 0.396402
18.639728 0.407247
18.643729 0.418028
18.647730 0.428743
18.651730 0.439390
18.655731 0.449968
18.659732 0.460474
18.663733 0.470908
18.667734 0.481268
18.671734 0.491551
18.675735 0.501757
18.679736 0.511884
18.683737 0.521929
18.687738 0.531893
18.691738 0.541772
18.695739 0.551566
18.699740 0.561272
18.703741 0.570890
18.707742 0.580418
18.711742 0.589854
18.715743 0.599196
18.719744 0.608445
18.723745 0.617597
18.727746 0.626651
18.731746 0.635607
18.735747 0.644462
18.739748 0.653215
18.743749 0.661865
18.747750 0.670410
18.751750 0.678850
18.755751 0.687182
18.759752 0.695406
18.763753 0.703520
18.767754 0.711523
18.771754 0.719413
18.775755 0.727190
18.779756 0.734852
18.783757 0.742398
18.787758 0.749826
18.791758 0.757136
18.795759 0.764327
18.799760 0.771396
18.803761 0.778344
18.807762 0.785169
18.811762 0.791870
18.815763 0.798446
18.819764 0.804895
18.823765 0.811218
18.827766 0.817412
18.831766 0.823477
18.835767 0.829412
18.839768 0.835216
18.843769 0.840888
18.847770 0.846428
18.851770 0.851833
18.855771 0.857104
18.859772 0.862240
18.863773 0.867239
18.867774 0.872102
18.871774 0.876826
18.875775 0.881412
18.879776 0.885859
18.883777 0.890166
18.887778 0.894332
18.891778 0.898357
18.895779 0.902240
18.899780 0.905981
18.903781 0.909578
18.907782 0.913032
18.911782 0.916342
18.915783 0.919506
18.919784 0.922526
18.923785 0.925399
18.927786 0.928127
18.931786 0.930708
18.935787 0.933142
18.939788 0.935428
18.943789 0.937567
18.947790 0.939558
18.951790 0.941400
18.955791 0.943093
18.959792 0.944638
18.963793 0.946033
18.967794 0.947279
18.971794 0.948375
18.975795 0.949321
18.979796 0.950118
18.983797 0.950764
18.987798 0.951260
18.991798 0.951606
18.995799 0.951801
18.999800 0.951846
19.003801 0.951741
19.007802 0.951486
19.011802 0.951080
19.015803 0.950524
19.019804 0.949817
19.023805 0.948961
19.027806 0.947955
19.031806 0.946799
19.035807 0.945493
19.039808 0.944038
19.043809 0.942434
19.047810 0.940681
19.051810 0.938779
19.055811 0.936729
19.059812 0.934532
19.063813 0.932186
19.067814 0.929693
19.071814 0.927054
19.075815 0.924268
19.079816 0.921335
19.083817 0.918258
19.087818 0.915035
19.091818 0.911668
19.095819 0.908157
19.099820 0.904502
19.103821 0.900704
19.107822 0.896764
19.111822 0.892683
19.115823 0.888460
19.119824 0.884097
19.123825 0.879594
19.127826 0.874953
19.131826 0.870173
19.135827 0.865256
19.139828 0.860202
19.143829 0.855012
19.147830 0.849687
19.151830 0.844228
19.155831 0.838635
19.159832 0.832910
19.163833 0.827054
19.167834 0.821067
19.171834 0.814950
19.175835 0.808704
19.179836 0.802331
19.183837 0.795830
19.187838 0.789204
19.191838 0.782454
19.195839 0.775580
19.199840 0.768583
19.203841 0.761465
19.207842 0.754226
19.211842 0.746869
19.215843 0.739393
19.219844 0.731801
19.223845 0.724093
19.227846 0.716271
19.231846 0.708335
19.235847 0.700288
19.239848 0.692130
19.243849 0.683862
19.247850 0.675487
19.251850 0.667005
19.255851 0.658417
19.259852 0.649726
19.263853 0.640932
19.267854 0.632036
19.271854 0.623041
19.275855 0.613947
19.279856 0.604757
19.283857 0.595471
19.287858 0.586090
19.291858 0.576618
19.295859 0.567054
19.299860 0.557400
19.303861 0.547659
19.307862 0.537830
19.311862 0.527917
19.315863 0.517921
19.319864 0.507843
19.323865 0.497684
19.327866 0.487447
19.331866 0.477133
19.335867 0.466744
19.339868 0.456280
19.343869 0.445745
19.347870 0.435139
19.351870 0.424465
19.355871 0.413723
19.359872 0.402916
19.363873 0.392046
19.367874 0.381113
19.371874 0.370121
19.375875 0.359070
19.379876 0.347962
19.383877 0.336799
19.387878 0.325583
19.391878 0.314315
19.395879 0.302998
19.399880 0.291633
19.403881 0.280222
19.407882 0.268767
19.411882 0.257269
19.415883 0.245731
19.419884 0.234154
19.423885 0.222539
19.427886 0.210890
19.431886 0.199207
19.435887 0.187493
19.439888 0.175749
19.443889 0.163978
19.447890 0.152180
19.451890 0.140359
19.455891 0.128515
19.459892 0.116651
19.463893 0.104769
19.467894 0.092870
19.471894 0.080956
19.475895 0.069030
19.479896 0.057092
19.483897 0.045146
19.487898 0.033192
19.491898 0.021234
19.495899 0.009272
19.499900 -0.002692
19.503901 -0.014655
19.507902 -0.026616
19.511902 -0.038572
19.515903 -0.050523
19.519904 -0.062465
19.523905 -0.074398
19.527906 -0.086319
19.531906 -0.098226
19.535907 -0.110118
19.539908 -0.121992
19.543909 -0.133847
19.547910 -0.145681
19.551910 -0.157492
19.555911 -0.169278
19.559912 -0.181037
19.563913 -0.192768
19.567914 -0.204468
19.571914 -0.216136
19.575915 -0.227770
19.579916 -0.239368
19.583917 -0.250928
19.587918 -0.262448
19.591918 -0.273927
19.595919 -0.285363
19.599920 -0.296753
19.603921 -0.308097
19.607922 -0.319392
19.611922 -0.330637
19.615923 -0.341829
19.619924 -0.352967
19.623925 -0.364050
19.627926 -0.375075
19.631926 -0.386041
19.635927 -0.396945
19.639928 -0.407787
19.643929 -0.418565
19.647930 -0.429277
19.651930 -0.439920
19.655931 -0.450495
19.659932 -0.460998
19.663933 -0.471428
19.667934 -0.481784
19.671934 -0.492063
19.675935 -0.502265
19.679936 -0.512388
19.683937 -0.522430
19.687938 -0.532389
19.691938 -0.542264
19.695939 -0.552053
19.699940 -0.561755
19.703941 -0.571369
19.707942 -0.580892
19.711942 -0.590323
19.715943 -0.599661
19.719944 -0.608905
19.723945 -0.618052
19.727946 -0.627101
19.731946 -0.636052
19.735947 -0.644902
19.739948 -0.653650
19.743949 -0.662295
19.747950 -0.670835
19.751950 -0.679269
19.755951 -0.687596
19.759952 -0.695814
19.763953 -0.703923
19.767954 -0.711920
19.771954 -0.719805
19.775955 -0.727576
19.779956 -0.735232
19.783957 -0.742772
19.787958 -0.750194
19.791958 -0.757499
19.795959 -0.764683
19.799960 -0.771747
19.803961 -0.778688
19.807962 -0.785507
19.811962 -0.792202
19.815963 -0.798771
19.819964 -0.805214
19.823965 -0.811530
19.827966 -0.817718
19.831966 -0.823777
19.835967 -0.829706
19.839968 -0.835503
19.843969 -0.841168
19.847970 -0.846701
19.851970 -0.852100
19.855971 -0.857364
19.859972 -0.862493
19.863973 -0.867486
19.867974 -0.872341
19.871974 -0.877059
19.875975 -0.881638
19.879976 -0.886078
19.883977 -0.890378
19.887978 -0.894537
19.891978 -0.898555
19.895979 -0.902431
19.899980 -0.906164
19.903981 -0.909754
19.907982 -0.913201
19.911982 -0.916503
19.915983 -0.919661
19.919984 -0.922673
19.923985 -0.925539
19.927986 -0.928260
19.931986 -0.930833
19.935987 -0.933260
19.939988 -0.935539
19.943989 -0.937670
19.947990 -0.939653
19.951990 -0.941488
19.955991 -0.943174
19.959992 -0.944711
19.963993 -0.946099
19.967994 -0.947337
19.971994 -0.948426
19.975995 -0.949365
19.979996 -0.950154
19.983997 -0.950792
19.987998 -0.951281
19.991998 -0.951619
19.995999 -0.951807
20.000000 -0.951845
