0.000000 0.999684
0.004001 0.998579
0.008002 0.996843
0.012002 0.994478
0.016003 0.991486
0.020004 0.987868
0.024005 0.983628
0.028006 0.978767
0.032006 0.973290
0.036007 0.967199
0.040008 0.960500
0.044009 0.953196
0.048010 0.945292
0.052010 0.936793
0.056011 0.927705
0.060012 0.918034
0.064013 0.907787
0.068014 0.896969
0.072014 0.885588
0.076015 0.873651
0.080016 0.861166
0.084017 0.848140
0.088018 0.834584
0.092018 0.820504
0.096019 0.805910
0.100020 0.790812
0.104021 0.775219
0.108022 0.759142
0.112022 0.742590
0.116023 0.725574
0.120024 0.708105
0.124025 0.690194
0.128026 0.671853
0.132026 0.653093
0.136027 0.633927
0.140028 0.614366
0.144029 0.594424
0.148030 0.574112
0.152030 0.553444
0.156031 0.532432
0.160032 0.511092
0.164033 0.489435
0.168034 0.467475
0.172034 0.445228
0.176035 0.422706
0.180036 0.399924
0.184037 0.376897
0.188038 0.353639
0.192038 0.330164
0.196039 0.306489
0.200040 0.282628
0.204041 0.258595
0.208042 0.234407
0.212042 0.210079
0.216043 0.185625
0.220044 0.161062
0.224045 0.136405
0.228046 0.111669
0.232046 0.086871
0.236047 0.062026
0.240048 0.037149
0.244049 0.012257
0.248050 -0.012635
0.252050 -0.037512
0.256051 -0.062356
0.260052 -0.087154
0.264053 -0.111888
0.268054 -0.136544
0.272054 -0.161107
0.276055 -0.185559
0.280056 -0.209887
0.284057 -0.234074
0.288058 -0.258106
0.292058 -0.281967
0.296059 -0.305642
0.300060 -0.329117
0.304061 -0.352377
0.308062 -0.375407
0.312062 -0.398192
0.316063 -0.420719
0.320064 -0.442972
0.324065 -0.464939
0.328066 -0.486605
0.332066 -0.507957
0.336067 -0.528982
0.340068 -0.549665
0.344069 -0.569995
0.348070 -0.589958
0.352070 -0.609543
0.356071 -0.628736
0.360072 -0.647525
0.364073 -0.665900
0.368074 -0.683849
0.372074 -0.701359
0.376075 -0.718422
0.380076 -0.735025
0.384077 -0.751158
0.388078 -0.766812
0.392078 -0.781976
0.396079 -0.796642
0.400080 -0.810800
0.404081 -0.824441
0.408082 -0.837557
0.412082 -0.850140
0.416083 -0.862182
0.420084 -0.873675
0.424085 -0.884613
0.428086 -0.894988
0.432086 -0.904795
0.436087 -0.914028
0.440088 -0.922680
0.444089 -0.930746
0.448090 -0.938222
0.452090 -0.945103
0.456091 -0.951385
0.460092 -0.957063
0.464093 -0.962136
0.468094 -0.966599
0.472094 -0.970449
0.476095 -0.973686
0.480096 -0.976307
0.484097 -0.978310
0.488098 -0.979694
0.492098 -0.980459
0.496099 -0.980605
0.500100 -0.980131
0.504101 -0.979038
0.508102 -0.977327
0.512102 -0.974999
0.516103 -0.972056
0.520104 -0.968499
0.524105 -0.964332
0.528106 -0.959558
0.532106 -0.954178
0.536107 -0.948198
0.540108 -0.941620
0.544109 -0.934450
0.548110 -0.926692
0.552110 -0.918350
0.556111 -0.909431
0.560112 -0.899941
0.564113 -0.889885
0.568114 -0.879270
0.572114 -0.868103
0.576115 -0.856391
0.580116 -0.844142
0.584117 -0.831364
0.588118 -0.818064
0.592118 -0.804252
0.596119 -0.789936
0.600120 -0.775126
0.604121 -0.759831
0.608122 -0.744060
0.612122 -0.727825
0.616123 -0.711134
0.620124 -0.694000
0.624125 -0.676433
0.628126 -0.658444
0.632126 -0.640045
0.636127 -0.621248
0.640128 -0.602064
0.644129 -0.582505
0.648130 -0.562585
0.652130 -0.542316
0.656131 -0.521710
0.660132 -0.500782
0.664133 -0.479544
0.668134 -0.458009
0.672134 -0.436192
0.676135 -0.414107
0.680136 -0.391766
0.684137 -0.369186
0.688138 -0.346379
0.692138 -0.323361
0.696139 -0.300145
0.700140 -0.276748
0.704141 -0.253183
0.708142 -0.229465
0.712142 -0.205610
0.716143 -0.181633
0.720144 -0.157548
0.724145 -0.133372
0.728146 -0.109119
0.732146 -0.084805
0.736147 -0.060444
0.740148 -0.036054
0.744149 -0.011648
0.748150 0.012758
0.752150 0.037147
0.756151 0.061506
0.760152 0.085818
0.764153 0.110068
0.768154 0.134240
0.772154 0.158321
0.776155 0.182294
0.780156 0.206144
0.784157 0.229856
0.788158 0.253416
0.792158 0.276808
0.796159 0.300018
0.800160 0.323031
0.804161 0.345832
0.808162 0.368408
0.812162 0.390744
0.816163 0.412827
0.820164 0.434641
0.824165 0.456174
0.828166 0.477412
0.832166 0.498342
0.836167 0.518951
0.840168 0.539225
0.844169 0.559152
0.848170 0.578719
0.852170 0.597915
0.856171 0.616727
0.860172 0.635143
0.864173 0.653153
0.868174 0.670744
0.872174 0.687906
0.876175 0.704628
0.880176 0.720899
0.884177 0.736710
0.888178 0.752051
0.892178 0.766912
0.896179 0.781283
0.900180 0.795157
0.904181 0.808523
0.908182 0.821375
0.912182 0.833704
0.916183 0.845502
0.920184 0.856763
0.924185 0.867479
0.928186 0.877643
0.932186 0.887250
0.936187 0.896293
0.940188 0.904767
0.944189 0.912667
0.948190 0.919988
0.952190 0.926726
0.956191 0.932876
0.960192 0.938434
0.964193 0.943399
0.968194 0.947765
0.972194 0.951532
0.976195 0.954696
0.980196 0.957256
0.984197 0.959211
0.988198 0.960559
0.992198 0.961300
0.996199 0.961434
1.000200 0.960960
1.004201 0.959879
1.008202 0.958192
1.012202 0.955900
1.016203 0.953006
1.020204 0.949510
1.024205 0.945415
1.028206 0.940725
1.032206 0.935442
1.036207 0.929569
1.040208 0.923112
1.044209 0.916073
1.048210 0.908457
1.052210 0.900270
1.056211 0.891518
1.060212 0.882204
1.064213 0.872336
1.068214 0.861921
1.072214 0.850964
1.076215 0.839473
1.080216 0.827456
1.084217 0.814919
1.088218 0.801872
1.092218 0.788322
1.096219 0.774279
1.100220 0.759751
1.104221 0.744747
1.108222 0.729278
1.112222 0.713353
1.116223 0.696982
1.120224 0.680177
1.124225 0.662947
1.128226 0.645303
1.132226 0.627258
1.136227 0.608822
1.140228 0.590007
1.144229 0.570826
1.148230 0.551290
1.152230 0.531412
1.156231 0.511204
1.160232 0.490680
1.164233 0.469852
1.168234 0.448735
1.172234 0.427340
1.176235 0.405682
1.180236 0.383775
1.184237 0.361632
1.188238 0.339268
1.192238 0.316697
1.196239 0.293932
1.200240 0.270990
1.204241 0.247883
1.208242 0.224627
1.212242 0.201236
1.216243 0.177726
1.220244 0.154111
1.224245 0.130406
1.228246 0.106626
1.232246 0.082786
1.236247 0.058901
1.240248 0.034987
1.244249 0.011058
1.248250 -0.012870
1.252250 -0.036783
1.256251 -0.060664
1.260252 -0.084500
1.264253 -0.108275
1.268254 -0.131974
1.272254 -0.155582
1.276255 -0.179085
1.280256 -0.202467
1.284257 -0.225713
1.288258 -0.248810
1.292258 -0.271742
1.296259 -0.294496
1.300260 -0.317056
1.304261 -0.339409
1.308262 -0.361540
1.312262 -0.383436
1.316263 -0.405082
1.320264 -0.426466
1.324265 -0.447574
1.328266 -0.468393
1.332266 -0.488909
1.336267 -0.509109
1.340268 -0.528982
1.344269 -0.548514
1.348270 -0.567694
1.352270 -0.586509
1.356271 -0.604947
1.360272 -0.622998
1.364273 -0.640649
1.368274 -0.657890
1.372274 -0.674710
1.376275 -0.691099
1.380276 -0.707045
1.384277 -0.722540
1.388278 -0.737574
1.392278 -0.752137
1.396279 -0.766220
1.400280 -0.779815
1.404281 -0.792913
1.408282 -0.805506
1.412282 -0.817586
1.416283 -0.829146
1.420284 -0.840178
1.424285 -0.850676
1.428286 -0.860634
1.432286 -0.870044
1.436287 -0.878902
1.440288 -0.887203
1.444289 -0.894940
1.448290 -0.902109
1.452290 -0.908706
1.456291 -0.914727
1.460292 -0.920168
1.464293 -0.925026
1.468294 -0.929299
1.472294 -0.932983
1.476295 -0.936076
1.480296 -0.938578
1.484297 -0.940485
1.488298 -0.941798
1.492298 -0.942515
1.496299 -0.942637
1.500300 -0.942163
1.504301 -0.941095
1.508302 -0.939432
1.512302 -0.937176
1.516303 -0.934329
1.520304 -0.930893
1.524305 -0.926869
1.528306 -0.922262
1.532306 -0.917073
1.536307 -0.911307
1.540308 -0.904967
1.544309 -0.898057
1.548310 -0.890582
1.552310 -0.882546
1.556311 -0.873956
1.560312 -0.864817
1.564313 -0.855134
1.568314 -0.844914
1.572314 -0.834163
1.576315 -0.822889
1.580316 -0.811098
1.584317 -0.798799
1.588318 -0.786000
1.592318 -0.772707
1.596319 -0.758931
1.600320 -0.744680
1.604321 -0.729963
1.608322 -0.714789
1.612322 -0.699169
1.616323 -0.683112
1.620324 -0.666628
1.624325 -0.649729
1.628326 -0.632424
1.632326 -0.614726
1.636327 -0.596644
1.640328 -0.578192
1.644329 -0.559380
1.648330 -0.540221
1.652330 -0.520726
1.656331 -0.500909
1.660332 -0.480781
1.664333 -0.460357
1.668334 -0.439647
1.672334 -0.418667
1.676335 -0.397429
1.680336 -0.375946
1.684337 -0.354233
1.688338 -0.332303
1.692338 -0.310170
1.696339 -0.287848
1.700340 -0.265351
1.704341 -0.242693
1.708342 -0.219890
1.712342 -0.196955
1.716343 -0.173902
1.720344 -0.150747
1.724345 -0.127504
1.728346 -0.104188
1.732346 -0.080813
1.736347 -0.057395
1.740348 -0.033948
1.744349 -0.010487
1.748350 0.012973
1.752350 0.036418
1.756351 0.059832
1.760352 0.083202
1.764353 0.106511
1.768354 0.129745
1.772354 0.152891
1.776355 0.175932
1.780356 0.198855
1.784357 0.221645
1.788358 0.244288
1.792358 0.266769
1.796359 0.289075
1.800360 0.311191
1.804361 0.333104
1.808362 0.354799
1.812362 0.376263
1.816363 0.397483
1.820364 0.418445
1.824365 0.439136
1.828366 0.459543
1.832366 0.479654
1.836367 0.499455
1.840368 0.518934
1.844369 0.538079
1.848370 0.556879
1.852370 0.575320
1.856371 0.593393
1.860372 0.611084
1.864373 0.628385
1.868374 0.645282
1.872374 0.661767
1.876375 0.677829
1.880376 0.693457
1.884377 0.708643
1.888378 0.723376
1.892378 0.737647
1.896379 0.751448
1.900380 0.764769
1.904381 0.777604
1.908382 0.789943
1.912382 0.801779
1.916383 0.813105
1.920384 0.823914
1.924385 0.834199
1.928386 0.843954
1.932386 0.853172
1.936387 0.861849
1.940388 0.869979
1.944389 0.877556
1.948390 0.884577
1.952390 0.891036
1.956391 0.896931
1.960392 0.902257
1.964393 0.907012
1.968394 0.911192
1.972394 0.914795
1.976395 0.917820
1.980396 0.920263
1.984397 0.922124
1.988398 0.923403
1.992398 0.924097
1.996399 0.924208
2.000400 0.923735
2.004401 0.922678
2.008402 0.921039
2.012402 0.918819
2.016403 0.916018
2.020404 0.912640
2.024405 0.908687
2.028406 0.904161
2.032406 0.899065
2.036407 0.893403
2.040408 0.887178
2.044409 0.880395
2.048410 0.873058
2.052410 0.865171
2.056411 0.856741
2.060412 0.847772
2.064413 0.838270
2.068414 0.828242
2.072414 0.817694
2.076415 0.806632
2.080416 0.795065
2.084417 0.782998
2.088418 0.770442
2.092418 0.757402
2.096419 0.743888
2.100420 0.729908
2.104421 0.715472
2.108422 0.700588
2.112422 0.685267
2.116423 0.669517
2.120424 0.653350
2.124425 0.636774
2.128426 0.619802
2.132426 0.602444
2.136427 0.584710
2.140428 0.566613
2.144429 0.548164
2.148430 0.529374
2.152430 0.510256
2.156431 0.490821
2.160432 0.471082
2.164433 0.451053
2.168434 0.430744
2.172434 0.410170
2.176435 0.389343
2.180436 0.368277
2.184437 0.346985
2.188438 0.325480
2.192438 0.303777
2.196439 0.281888
2.200440 0.259829
2.204441 0.237612
2.208442 0.215252
2.212442 0.192763
2.216443 0.170160
2.220444 0.147456
2.224445 0.124666
2.228446 0.101805
2.232446 0.078887
2.236447 0.055926
2.240448 0.032937
2.244449 0.009934
2.248450 -0.013068
2.252450 -0.036054
2.256451 -0.059010
2.260452 -0.081921
2.264453 -0.104774
2.268454 -0.127553
2.272454 -0.150245
2.276455 -0.172834
2.280456 -0.195307
2.284457 -0.217649
2.288458 -0.239847
2.292458 -0.261887
2.296459 -0.283754
2.300460 -0.305435
2.304461 -0.326916
2.308462 -0.348184
2.312462 -0.369225
2.316463 -0.390026
2.320464 -0.410574
2.324465 -0.430857
2.328466 -0.450861
2.332466 -0.470574
2.336467 -0.489983
2.340468 -0.509076
2.344469 -0.527842
2.348470 -0.546269
2.352470 -0.564345
2.356471 -0.582058
2.360472 -0.599399
2.364473 -0.616355
2.368474 -0.632916
2.372474 -0.649073
2.376475 -0.664814
2.380476 -0.680130
2.384477 -0.695012
2.388478 -0.709450
2.392478 -0.723436
2.396479 -0.736960
2.400480 -0.750014
2.404481 -0.762590
2.408482 -0.774681
2.412482 -0.786278
2.416483 -0.797375
2.420484 -0.807965
2.424485 -0.818041
2.428486 -0.827597
2.432486 -0.836628
2.436487 -0.845127
2.440488 -0.853089
2.444489 -0.860510
2.448490 -0.867385
2.452490 -0.873710
2.456491 -0.879481
2.460492 -0.884695
2.464493 -0.889348
2.468494 -0.893438
2.472494 -0.896962
2.476495 -0.899919
2.480496 -0.902306
2.484497 -0.904122
2.488498 -0.905367
2.492498 -0.906039
2.496499 -0.906139
2.500500 -0.905666
2.504501 -0.904622
2.508502 -0.903006
2.512503 -0.900820
2.516503 -0.898066
2.520504 -0.894746
2.524505 -0.890861
2.528506 -0.886415
2.532507 -0.881411
2.536507 -0.875851
2.540508 -0.869739
2.544509 -0.863080
2.548510 -0.855878
2.552511 -0.848138
2.556511 -0.839864
2.560512 -0.831063
2.564513 -0.821739
2.568514 -0.811899
2.572515 -0.801549
2.576515 -0.790696
2.580516 -0.779348
2.584517 -0.767510
2.588518 -0.755191
2.592519 -0.742399
2.596519 -0.729143
2.600520 -0.715429
2.604521 -0.701269
2.608522 -0.686669
2.612523 -0.671641
2.616523 -0.656193
2.620524 -0.640335
2.624525 -0.624078
2.628526 -0.607432
2.632527 -0.590407
2.636527 -0.573015
2.640528 -0.555266
2.644529 -0.537172
2.648530 -0.518745
2.652531 -0.499995
2.656531 -0.480936
2.660532 -0.461579
2.664533 -0.441936
2.668534 -0.422021
2.672535 -0.401845
2.676535 -0.381422
2.680536 -0.360764
2.684537 -0.339885
2.688538 -0.318797
2.692539 -0.297515
2.696539 -0.276052
2.700540 -0.254421
2.704541 -0.232637
2.708542 -0.210712
2.712543 -0.188661
2.716543 -0.166498
2.720544 -0.144236
2.724545 -0.121891
2.728546 -0.099475
2.732547 -0.077004
2.736547 -0.054492
2.740548 -0.031952
2.744549 -0.009399
2.748550 0.013153
2.752551 0.035690
2.756551 0.058197
2.760552 0.080659
2.764553 0.103064
2.768554 0.125397
2.772555 0.147643
2.776555 0.169790
2.780556 0.191821
2.784557 0.213725
2.788558 0.235487
2.792559 0.257093
2.796559 0.278530
2.800560 0.299784
2.804561 0.320842
2.808562 0.341691
2.812563 0.362318
2.816563 0.382709
2.820564 0.402851
2.824565 0.422733
2.828566 0.442342
2.832567 0.461665
2.836567 0.480690
2.840568 0.499406
2.844569 0.517800
2.848570 0.535862
2.852571 0.553579
2.856571 0.570940
2.860572 0.587936
2.864573 0.604555
2.868574 0.620787
2.872575 0.636621
2.876575 0.652049
2.880576 0.667059
2.884577 0.681644
2.888578 0.695793
2.892579 0.709498
2.896579 0.722751
2.900580 0.735543
2.904581 0.747866
2.908582 0.759713
2.912583 0.771076
2.916583 0.781949
2.920584 0.792324
2.924585 0.802196
2.928586 0.811557
2.932587 0.820403
2.936587 0.828728
2.940588 0.836527
2.944589 0.843795
2.948590 0.850528
2.952591 0.856721
2.956591 0.862371
2.960592 0.867474
2.964593 0.872028
2.968594 0.876030
2.972595 0.879477
2.976595 0.882367
2.980596 0.884699
2.984597 0.886471
2.988598 0.887683
2.992599 0.888334
2.996599 0.888423
3.000600 0.887951
3.004601 0.886919
3.008602 0.885326
3.012603 0.883175
3.016603 0.880466
3.020604 0.877202
3.024605 0.873385
3.028606 0.869018
3.032607 0.864103
3.036607 0.858643
3.040608 0.852643
3.044609 0.846106
3.048610 0.839037
3.052611 0.831440
3.056611 0.823320
3.060612 0.814683
3.064613 0.805534
3.068614 0.795878
3.072615 0.785723
3.076615 0.775075
3.080616 0.763941
3.084617 0.752328
3.088618 0.740243
3.092619 0.727694
3.096619 0.714689
3.100620 0.701238
3.104621 0.687347
3.108622 0.673027
3.112623 0.658286
3.116623 0.643133
3.120624 0.627580
3.124625 0.611635
3.128626 0.595308
3.132627 0.578611
3.136627 0.561553
3.140628 0.544146
3.144629 0.526401
3.148630 0.508329
3.152631 0.489941
3.156631 0.471250
3.160632 0.452267
3.164633 0.433004
3.168634 0.413474
3.172635 0.393689
3.176635 0.373661
3.180636 0.353403
3.184637 0.332929
3.188638 0.312251
3.192639 0.291382
3.196639 0.270336
3.200640 0.249126
3.204641 0.227765
3.208642 0.206267
3.212643 0.184645
3.216643 0.162913
3.220644 0.141086
3.224645 0.119176
3.228646 0.097198
3.232647 0.075165
3.236647 0.053092
3.240648 0.030993
3.244649 0.008880
3.248650 -0.013231
3.252651 -0.035326
3.256651 -0.057393
3.260652 -0.079416
3.264653 -0.101382
3.268654 -0.123276
3.272655 -0.145087
3.276655 -0.166798
3.280656 -0.188398
3.284657 -0.209871
3.288658 -0.231205
3.292659 -0.252387
3.296659 -0.273402
3.300660 -0.294238
3.304661 -0.314882
3.308662 -0.335320
3.312663 -0.355539
3.316663 -0.375528
3.320664 -0.395273
3.324665 -0.414763
3.328666 -0.433984
3.332667 -0.452925
3.336667 -0.471574
3.340668 -0.489919
3.344669 -0.507949
3.348670 -0.525652
3.352671 -0.543018
3.356671 -0.560035
3.360672 -0.576693
3.364673 -0.592981
3.368674 -0.608890
3.372675 -0.624409
3.376675 -0.639528
3.380676 -0.654239
3.384677 -0.668532
3.388678 -0.682398
3.392679 -0.695829
3.396679 -0.708816
3.400680 -0.721351
3.404681 -0.733426
3.408682 -0.745034
3.412683 -0.756168
3.416683 -0.766821
3.420684 -0.776986
3.424685 -0.786657
3.428686 -0.795828
3.432687 -0.804494
3.436687 -0.812648
3.440688 -0.820287
3.444689 -0.827404
3.448690 -0.833997
3.452691 -0.840062
3.456691 -0.845593
3.460692 -0.850589
3.464693 -0.855045
3.468694 -0.858961
3.472695 -0.862332
3.476695 -0.865157
3.480696 -0.867435
3.484697 -0.869165
3.488698 -0.870345
3.492699 -0.870974
3.496699 -0.871054
3.500700 -0.870583
3.504701 -0.869562
3.508702 -0.867992
3.512703 -0.865875
3.516703 -0.863211
3.520704 -0.860002
3.524705 -0.856252
3.528706 -0.851961
3.532707 -0.847134
3.536707 -0.841774
3.540708 -0.835883
3.544709 -0.829466
3.548710 -0.822527
3.552711 -0.815071
3.556711 -0.807102
3.560712 -0.798626
3.564713 -0.789648
3.568714 -0.780174
3.572715 -0.770210
3.576715 -0.759763
3.580716 -0.748839
3.584717 -0.737445
3.588718 -0.725590
3.592719 -0.713279
3.596719 -0.700523
3.600720 -0.687327
3.604721 -0.673702
3.608722 -0.659655
3.612723 -0.645196
3.616723 -0.630334
3.620724 -0.615078
3.624725 -0.599439
3.628726 -0.583426
3.632727 -0.567050
3.636727 -0.550320
3.640728 -0.533248
3.644729 -0.515845
3.648730 -0.498121
3.652731 -0.480089
3.656731 -0.461758
3.660732 -0.443142
3.664733 -0.424252
3.668734 -0.405100
3.672735 -0.385697
3.676735 -0.366058
3.680736 -0.346193
3.684737 -0.326116
3.688738 -0.305839
3.692739 -0.285376
3.696739 -0.264738
3.700740 -0.243940
3.704741 -0.222995
3.708742 -0.201915
3.712743 -0.180714
3.716743 -0.159406
3.720744 -0.138003
3.724745 -0.116521
3.728746 -0.094971
3.732747 -0.073369
3.736747 -0.051727
3.740748 -0.030059
3.744749 -0.008379
3.748750 0.013300
3.752751 0.034963
3.756751 0.056598
3.760752 0.078189
3.764753 0.099725
3.768754 0.121191
3.772755 0.142573
3.776755 0.163859
3.780756 0.185034
3.784757 0.206086
3.788758 0.227001
3.792759 0.247766
3.796759 0.268368
3.800760 0.288794
3.804761 0.309031
3.808762 0.329066
3.812763 0.348888
3.816763 0.368482
3.820764 0.387838
3.824765 0.406942
3.828766 0.425784
3.832767 0.444350
3.836767 0.462630
3.840768 0.480612
3.844769 0.498284
3.848770 0.515637
3.852771 0.532658
3.856771 0.549337
3.860772 0.565664
3.864773 0.581628
3.868774 0.597220
3.872775 0.612430
3.876775 0.627248
3.880776 0.641665
3.884777 0.655673
3.888778 0.669261
3.892779 0.682423
3.896779 0.695149
3.900780 0.707433
3.904781 0.719265
3.908782 0.730639
3.912783 0.741549
3.916783 0.751986
3.920784 0.761945
3.924785 0.771420
3.928786 0.780404
3.932787 0.788892
3.936787 0.796880
3.940788 0.804361
3.944789 0.811332
3.948790 0.817788
3.952791 0.823726
3.956791 0.829142
3.960792 0.834032
3.964793 0.838393
3.968794 0.842224
3.972795 0.845521
3.976795 0.848283
3.980796 0.850509
3.984797 0.852196
3.988798 0.853345
3.992799 0.853954
3.996799 0.854024
4.000800 0.853554
4.004801 0.852545
4.008802 0.850997
4.012803 0.848913
4.016803 0.846293
4.020804 0.843139
4.024805 0.839454
4.028806 0.835240
4.032807 0.830499
4.036807 0.825235
4.040808 0.819452
4.044809 0.813152
4.048810 0.806341
4.052811 0.799023
4.056811 0.791203
4.060812 0.782885
4.064813 0.774075
4.068814 0.764779
4.072815 0.755003
4.076815 0.744752
4.080816 0.734035
4.084817 0.722858
4.088818 0.711227
4.092819 0.699150
4.096819 0.686636
4.100820 0.673692
4.104821 0.660327
4.108822 0.646549
4.112823 0.632366
4.116823 0.617789
4.120824 0.602826
4.124825 0.587487
4.128826 0.571781
4.132827 0.555719
4.136827 0.539312
4.140828 0.522569
4.144829 0.505501
4.148830 0.488119
4.152831 0.470434
4.156831 0.452458
4.160832 0.434201
4.164833 0.415676
4.168834 0.396895
4.172835 0.377868
4.176835 0.358609
4.180836 0.339129
4.184837 0.319442
4.188838 0.299559
4.192839 0.279492
4.196839 0.259256
4.200840 0.238862
4.204841 0.218324
4.208842 0.197654
4.212843 0.176866
4.216843 0.155973
4.220844 0.134988
4.224845 0.113924
4.228846 0.092795
4.232847 0.071614
4.236847 0.050394
4.240848 0.029150
4.244849 0.007893
4.248850 -0.013361
4.252851 -0.034601
4.256851 -0.055812
4.260852 -0.076981
4.264853 -0.098095
4.268854 -0.119140
4.272855 -0.140103
4.276855 -0.160971
4.280856 -0.181731
4.284857 -0.202369
4.288858 -0.222873
4.292859 -0.243230
4.296859 -0.263426
4.300860 -0.283450
4.304861 -0.303289
4.308862 -0.322930
4.312863 -0.342360
4.316863 -0.361568
4.320864 -0.380542
4.324865 -0.399269
4.328866 -0.417738
4.332867 -0.435937
4.336867 -0.453856
4.340868 -0.471481
4.344869 -0.488804
4.348870 -0.505812
4.352871 -0.522495
4.356871 -0.538843
4.360872 -0.554846
4.364873 -0.570493
4.368874 -0.585774
4.372875 -0.600681
4.376875 -0.615204
4.380876 -0.629333
4.384877 -0.643060
4.388878 -0.656377
4.392879 -0.669275
4.396879 -0.681746
4.400880 -0.693783
4.404881 -0.705377
4.408882 -0.716522
4.412883 -0.727211
4.416883 -0.737438
4.420884 -0.747195
4.424885 -0.756477
4.428886 -0.765278
4.432887 -0.773593
4.436887 -0.781417
4.440888 -0.788745
4.444889 -0.795572
4.448890 -0.801894
4.452891 -0.807708
4.456891 -0.813010
4.460892 -0.817797
4.464893 -0.822065
4.468894 -0.825813
4.472895 -0.829038
4.476895 -0.831738
4.480896 -0.833912
4.484897 -0.835559
4.488898 -0.836677
4.492899 -0.837266
4.496899 -0.837326
4.500900 -0.836858
4.504901 -0.835860
4.508902 -0.834335
4.512903 -0.832284
4.516903 -0.829707
4.520904 -0.826607
4.524905 -0.822986
4.528906 -0.818846
4.532907 -0.814190
4.536907 -0.809022
4.540908 -0.803344
4.544909 -0.797160
4.548910 -0.790474
4.552911 -0.783292
4.556911 -0.775617
4.560912 -0.767454
4.564913 -0.758809
4.568914 -0.749688
4.572915 -0.740095
4.576915 -0.730039
4.580916 -0.719524
4.584917 -0.708558
4.588918 -0.697148
4.592919 -0.685301
4.596919 -0.673025
4.600920 -0.660328
4.604921 -0.647218
4.608922 -0.633703
4.612923 -0.619791
4.616923 -0.605493
4.620924 -0.590817
4.624925 -0.575772
4.628926 -0.560368
4.632927 -0.544616
4.636927 -0.528524
4.640928 -0.512103
4.644929 -0.495364
4.648930 -0.478317
4.652931 -0.460974
4.656931 -0.443345
4.660932 -0.425441
4.664933 -0.407274
4.668934 -0.388856
4.672935 -0.370198
4.676935 -0.351312
4.680936 -0.332210
4.684937 -0.312904
4.688938 -0.293406
4.692939 -0.273730
4.696939 -0.253887
4.700940 -0.233889
4.704941 -0.213750
4.708942 -0.193483
4.712943 -0.173099
4.716943 -0.152613
4.720944 -0.132037
4.724945 -0.111384
4.728946 -0.090667
4.732947 -0.069899
4.736947 -0.049094
4.740948 -0.028265
4.744949 -0.007424
4.748950 0.013416
4.752951 0.034240
4.756951 0.055035
4.760952 0.075790
4.764953 0.096490
4.768954 0.117122
4.772955 0.137674
4.776955 0.158133
4.780956 0.178485
4.784957 0.198718
4.788958 0.218819
4.792959 0.238776
4.796959 0.258575
4.800960 0.278205
4.804961 0.297653
4.808962 0.316907
4.812963 0.335954
4.816963 0.354783
4.820964 0.373383
4.824965 0.391740
4.828966 0.409844
4.832967 0.427684
4.836967 0.445247
4.840968 0.462524
4.844969 0.479504
4.848970 0.496175
4.852971 0.512527
4.856971 0.528550
4.860972 0.544235
4.864973 0.559570
4.868974 0.574548
4.872975 0.589157
4.876975 0.603390
4.880976 0.617238
4.884977 0.630691
4.888978 0.643741
4.892979 0.656380
4.896979 0.668601
4.900980 0.680396
4.904981 0.691757
4.908982 0.702678
4.912983 0.713151
4.916983 0.723170
4.920984 0.732730
4.924985 0.741824
4.928986 0.750446
4.932987 0.758591
4.936987 0.766255
4.940988 0.773432
4.944989 0.780118
4.948990 0.786309
4.952991 0.792002
4.956991 0.797192
4.960992 0.801878
4.964993 0.806055
4.968994 0.809722
4.972995 0.812876
4.976995 0.815516
4.980996 0.817639
4.984997 0.819246
4.988998 0.820334
4.992999 0.820904
4.996999 0.820955
5.001000 0.820488
5.005001 0.819502
5.009002 0.817999
5.013003 0.815980
5.017003 0.813446
5.021004 0.810399
5.025005 0.806841
5.029006 0.802774
5.033007 0.798202
5.037007 0.793127
5.041008 0.787552
5.045009 0.781482
5.049010 0.774920
5.053011 0.767870
5.057011 0.760338
5.061012 0.752327
5.065013 0.743844
5.069014 0.734894
5.073015 0.725482
5.077015 0.715615
5.081016 0.705299
5.085017 0.694541
5.089018 0.683348
5.093019 0.671726
5.097019 0.659684
5.101020 0.647229
5.105021 0.634368
5.109022 0.621112
5.113023 0.607467
5.117023 0.593442
5.121024 0.579047
5.125025 0.564291
5.129026 0.549183
5.133027 0.533733
5.137027 0.517951
5.141028 0.501846
5.145029 0.485430
5.149030 0.468712
5.153031 0.451703
5.157031 0.434415
5.161032 0.416857
5.165033 0.399041
5.169034 0.380980
5.173035 0.362683
5.177035 0.344163
5.181036 0.325431
5.185037 0.306499
5.189038 0.287380
5.193039 0.268086
5.197039 0.248628
5.201040 0.229019
5.205041 0.209272
5.209042 0.189399
5.213043 0.169413
5.217043 0.149325
5.221044 0.129150
5.225045 0.108900
5.229046 0.088587
5.233047 0.068225
5.237047 0.047826
5.241048 0.027403
5.245049 0.006969
5.249050 -0.013462
5.253051 -0.033879
5.257051 -0.054268
5.261052 -0.074616
5.265053 -0.094910
5.269054 -0.115138
5.273055 -0.135287
5.277055 -0.155345
5.281056 -0.175297
5.285057 -0.195133
5.289058 -0.214839
5.293059 -0.234403
5.297059 -0.253813
5.301060 -0.273057
5.305061 -0.292122
5.309062 -0.310996
5.313063 -0.329668
5.317063 -0.348126
5.321064 -0.366358
5.325065 -0.384353
5.329066 -0.402099
5.333067 -0.419586
5.337067 -0.436802
5.341068 -0.453737
5.345069 -0.470380
5.349070 -0.486720
5.353071 -0.502748
5.357071 -0.518453
5.361072 -0.533826
5.365073 -0.548857
5.369074 -0.563536
5.373075 -0.577855
5.377075 -0.591804
5.381076 -0.605374
5.385077 -0.618558
5.389078 -0.631348
5.393079 -0.643734
5.397079 -0.655710
5.401080 -0.667267
5.405081 -0.678400
5.409082 -0.689101
5.413083 -0.699362
5.417083 -0.709179
5.421084 -0.718545
5.425085 -0.727454
5.429086 -0.735900
5.433087 -0.743879
5.437087 -0.751386
5.441088 -0.758416
5.445089 -0.764964
5.449090 -0.771027
5.453091 -0.776601
5.457091 -0.781682
5.461092 -0.786269
5.465093 -0.790357
5.469094 -0.793944
5.473095 -0.797029
5.477095 -0.799609
5.481096 -0.801684
5.485097 -0.803251
5.489098 -0.804311
5.493099 -0.804862
5.497099 -0.804904
5.501100 -0.804438
5.505101 -0.803464
5.509102 -0.801983
5.513103 -0.799996
5.517103 -0.797504
5.521104 -0.794508
5.525105 -0.791012
5.529106 -0.787018
5.533107 -0.782527
5.537107 -0.777544
5.541108 -0.772071
5.545109 -0.766112
5.549110 -0.759671
5.553111 -0.752752
5.557111 -0.745359
5.561112 -0.737499
5.565113 -0.729174
5.569114 -0.720392
5.573115 -0.711158
5.577115 -0.701477
5.581116 -0.691356
5.585117 -0.680802
5.589118 -0.669821
5.593119 -0.658420
5.597119 -0.646607
5.601120 -0.634389
5.605121 -0.621774
5.609122 -0.608771
5.613123 -0.595387
5.617123 -0.581631
5.621124 -0.567512
5.625125 -0.553039
5.629126 -0.538221
5.633127 -0.523068
5.637127 -0.507590
5.641128 -0.491795
5.645129 -0.475695
5.649130 -0.459300
5.653131 -0.442619
5.657131 -0.425664
5.661132 -0.408446
5.665133 -0.390975
5.669134 -0.373263
5.673135 -0.355320
5.677135 -0.337159
5.681136 -0.318790
5.685137 -0.300226
5.689138 -0.281478
5.693139 -0.262558
5.697139 -0.243478
5.701140 -0.224251
5.705141 -0.204888
5.709142 -0.185401
5.713143 -0.165804
5.717143 -0.146108
5.721144 -0.126326
5.725145 -0.106470
5.729146 -0.086554
5.733147 -0.066589
5.737147 -0.046588
5.741148 -0.026564
5.745149 -0.006530
5.749150 0.013502
5.753151 0.033519
5.757151 0.053509
5.761152 0.073459
5.765153 0.093356
5.769154 0.113187
5.773155 0.132941
5.777155 0.152605
5.781156 0.172166
5.785157 0.191612
5.789158 0.210931
5.793159 0.230110
5.797159 0.249138
5.801160 0.268003
5.805161 0.286693
5.809162 0.305195
5.813163 0.323499
5.817163 0.341593
5.821164 0.359465
5.825165 0.377105
5.829166 0.394500
5.833167 0.411641
5.837167 0.428517
5.841168 0.445116
5.845169 0.461430
5.849170 0.477446
5.853171 0.493156
5.857171 0.508549
5.861172 0.523617
5.865173 0.538348
5.869174 0.552735
5.873175 0.566768
5.877175 0.580439
5.881176 0.593739
5.885177 0.606660
5.889178 0.619193
5.893179 0.631331
5.897179 0.643067
5.901180 0.654392
5.905181 0.665301
5.909182 0.675786
5.913183 0.685840
5.917183 0.695459
5.921184 0.704635
5.925185 0.713363
5.929186 0.721637
5.933187 0.729453
5.937187 0.736806
5.941188 0.743691
5.945189 0.750104
5.949190 0.756041
5.953191 0.761499
5.957191 0.766474
5.961192 0.770963
5.965193 0.774964
5.969194 0.778474
5.973195 0.781491
5.977195 0.784013
5.981196 0.786040
5.985197 0.787569
5.989198 0.788600
5.993199 0.789133
5.997199 0.789167
6.001200 0.788703
6.005201 0.787740
6.009202 0.786280
6.013203 0.784324
6.017203 0.781873
6.021204 0.778929
6.025205 0.775494
6.029206 0.771570
6.033207 0.767160
6.037207 0.762267
6.041208 0.756894
6.045209 0.751044
6.049210 0.744722
6.053211 0.737931
6.057211 0.730676
6.061212 0.722962
6.065213 0.714794
6.069214 0.706176
6.073215 0.697116
6.077215 0.687618
6.081216 0.677688
6.085217 0.667334
6.089218 0.656561
6.093219 0.645377
6.097219 0.633789
6.101220 0.621804
6.105221 0.609430
6.109222 0.596675
6.113223 0.583547
6.117223 0.570054
6.121224 0.556206
6.125225 0.542011
6.129226 0.527478
6.133227 0.512616
6.137227 0.497435
6.141228 0.481945
6.145229 0.466155
6.149230 0.450076
6.153231 0.433717
6.157231 0.417090
6.161232 0.400204
6.165233 0.383071
6.169234 0.365702
6.173235 0.348106
6.177235 0.330297
6.181236 0.312284
6.185237 0.294080
6.189238 0.275696
6.193239 0.257144
6.197239 0.238435
6.201240 0.219581
6.205241 0.200594
6.209242 0.181487
6.213243 0.162271
6.217243 0.142959
6.221244 0.123562
6.225245 0.104094
6.229246 0.084566
6.233247 0.064991
6.237247 0.045380
6.241248 0.025748
6.245249 0.006105
6.249250 -0.013535
6.253251 -0.033161
6.257251 -0.052759
6.261252 -0.072318
6.265253 -0.091825
6.269254 -0.111268
6.273255 -0.130635
6.277255 -0.149913
6.281256 -0.169090
6.285257 -0.188154
6.289258 -0.207093
6.293259 -0.225896
6.297259 -0.244549
6.301260 -0.263043
6.305261 -0.281364
6.309262 -0.299502
6.313263 -0.317445
6.317263 -0.335182
6.321264 -0.352702
6.325265 -0.369993
6.329266 -0.387045
6.333267 -0.403847
6.337267 -0.420389
6.341268 -0.436660
6.345269 -0.452649
6.349270 -0.468348
6.353271 -0.483747
6.357271 -0.498834
6.361272 -0.513602
6.365273 -0.528041
6.369274 -0.542141
6.373275 -0.555895
6.377275 -0.569293
6.381276 -0.582327
6.385277 -0.594990
6.389278 -0.607272
6.393279 -0.619167
6.397279 -0.630667
6.401280 -0.641765
6.405281 -0.652454
6.409282 -0.662728
6.413283 -0.672580
6.417283 -0.682003
6.421284 -0.690993
6.425285 -0.699544
6.429286 -0.707650
6.433287 -0.715306
6.437287 -0.722509
6.441288 -0.729252
6.445289 -0.735533
6.449290 -0.741347
6.453291 -0.746691
6.457291 -0.751561
6.461292 -0.755955
6.465293 -0.759871
6.469294 -0.763305
6.473295 -0.766255
6.477295 -0.768721
6.481296 -0.770701
6.485297 -0.772193
6.489298 -0.773196
6.493299 -0.773711
6.497299 -0.773737
6.501300 -0.773275
6.505301 -0.772324
6.509302 -0.770885
6.513303 -0.768960
6.517303 -0.766549
6.521304 -0.763656
6.525305 -0.760280
6.529306 -0.756426
6.533307 -0.752095
6.537307 -0.747290
6.541308 -0.742015
6.545309 -0.736272
6.549310 -0.730067
6.553311 -0.723402
6.557311 -0.716282
6.561312 -0.708712
6.565313 -0.700697
6.569314 -0.692241
6.573315 -0.683351
6.577315 -0.674032
6.581316 -0.664290
6.585317 -0.654132
6.589318 -0.643564
6.593319 -0.632592
6.597319 -0.621225
6.601320 -0.609468
6.605321 -0.597330
6.609322 -0.584819
6.613323 -0.571942
6.617323 -0.558708
6.621324 -0.545126
6.625325 -0.531203
6.629326 -0.516949
6.633327 -0.502373
6.637327 -0.487484
6.641328 -0.472292
6.645329 -0.456806
6.649330 -0.441037
6.653331 -0.424994
6.657331 -0.408688
6.661332 -0.392129
6.665333 -0.375327
6.669334 -0.358294
6.673335 -0.341039
6.677335 -0.323575
6.681336 -0.305911
6.685337 -0.288060
6.689338 -0.270033
6.693339 -0.251841
6.697339 -0.233495
6.701340 -0.215008
6.705341 -0.196391
6.709342 -0.177655
6.713343 -0.158813
6.717343 -0.139877
6.721344 -0.120859
6.725345 -0.101770
6.729346 -0.082623
6.733347 -0.063429
6.737347 -0.044202
6.741348 -0.024953
6.745349 -0.005694
6.749350 0.013562
6.753351 0.032804
6.757351 0.052018
6.761352 0.071194
6.765353 0.090319
6.769354 0.109381
6.773355 0.128368
6.777355 0.147267
6.781356 0.166068
6.785357 0.184758
6.789358 0.203325
6.793359 0.221758
6.797359 0.240045
6.801360 0.258174
6.805361 0.276135
6.809362 0.293915
6.813363 0.311505
6.817363 0.328892
6.821364 0.346065
6.825365 0.363015
6.829366 0.379730
6.833367 0.396200
6.837367 0.412414
6.841368 0.428363
6.845369 0.444036
6.849370 0.459424
6.853371 0.474516
6.857371 0.489305
6.861372 0.503779
6.865373 0.517930
6.869374 0.531750
6.873375 0.545230
6.877375 0.558361
6.881376 0.571135
6.885377 0.583544
6.889378 0.595581
6.893379 0.607237
6.897379 0.618507
6.901380 0.629382
6.905381 0.639856
6.909382 0.649922
6.913383 0.659575
6.917383 0.668808
6.921384 0.677616
6.925385 0.685993
6.929386 0.693934
6.933387 0.701434
6.937387 0.708488
6.941388 0.715093
6.945389 0.721244
6.949390 0.726938
6.953391 0.732170
6.957391 0.736938
6.961392 0.741240
6.965393 0.745071
6.969394 0.748431
6.973395 0.751317
6.977395 0.753727
6.981396 0.755661
6.985397 0.757117
6.989398 0.758093
6.993399 0.758591
6.997399 0.758609
7.001400 0.758148
7.005401 0.757209
7.009402 0.755791
7.013403 0.753896
7.017403 0.751526
7.021404 0.748681
7.025405 0.745365
7.029406 0.741579
7.033407 0.737325
7.037407 0.732607
7.041408 0.727428
7.045409 0.721791
7.049410 0.715700
7.053411 0.709158
7.057411 0.702171
7.061412 0.694742
7.065413 0.686877
7.069414 0.678581
7.073415 0.669858
7.077415 0.660715
7.081416 0.651157
7.085417 0.641192
7.089418 0.630824
7.093419 0.620061
7.097419 0.608910
7.101420 0.597377
7.105421 0.585471
7.109422 0.573199
7.113423 0.560568
7.117423 0.547588
7.121424 0.534266
7.125425 0.520610
7.129426 0.506630
7.133427 0.492334
7.137427 0.477732
7.141428 0.462832
7.145429 0.447645
7.149430 0.432180
7.153431 0.416447
7.157431 0.400455
7.161432 0.384216
7.165433 0.367739
7.169434 0.351035
7.173435 0.334115
7.177435 0.316989
7.181436 0.299668
7.185437 0.282163
7.189438 0.264486
7.193439 0.246647
7.197439 0.228658
7.201440 0.210530
7.205441 0.192274
7.209442 0.173904
7.213443 0.155429
7.217443 0.136861
7.221444 0.118213
7.225445 0.099497
7.229446 0.080723
7.233447 0.061905
7.237447 0.043053
7.241448 0.024180
7.245449 0.005297
7.249450 -0.013582
7.253451 -0.032448
7.257451 -0.051286
7.261452 -0.070087
7.265453 -0.088837
7.269454 -0.107525
7.273455 -0.126139
7.277455 -0.144668
7.281456 -0.163100
7.285457 -0.181422
7.289458 -0.199625
7.293459 -0.217695
7.297459 -0.235622
7.301460 -0.253395
7.305461 -0.271002
7.309462 -0.288432
7.313463 -0.305675
7.317463 -0.322719
7.321464 -0.339554
7.325465 -0.356169
7.329466 -0.372553
7.333467 -0.388698
7.337467 -0.404591
7.341468 -0.420224
7.345469 -0.435587
7.349470 -0.450669
7.353471 -0.465462
7.357471 -0.479957
7.361472 -0.494143
7.365473 -0.508013
7.369474 -0.521558
7.373475 -0.534769
7.377475 -0.547638
7.381476 -0.560157
7.385477 -0.572318
7.389478 -0.584114
7.393479 -0.595537
7.397479 -0.606580
7.401480 -0.617237
7.405481 -0.627500
7.409482 -0.637364
7.413483 -0.646822
7.417483 -0.655868
7.421484 -0.664498
7.425485 -0.672704
7.429486 -0.680483
7.433487 -0.687830
7.437487 -0.694740
7.441488 -0.701209
7.445489 -0.707233
7.449490 -0.712809
7.453491 -0.717932
7.457491 -0.722600
7.461492 -0.726810
7.465493 -0.730560
7.469494 -0.733847
7.473495 -0.736670
7.477495 -0.739026
7.481496 -0.740915
7.485497 -0.742335
7.489498 -0.743285
7.493499 -0.743766
7.497499 -0.743777
7.501500 -0.743318
7.505501 -0.742389
7.509502 -0.740992
7.513503 -0.739127
7.517504 -0.736796
7.521504 -0.734001
7.525505 -0.730742
7.529506 -0.727023
7.533507 -0.722846
7.537508 -0.718213
7.541508 -0.713128
7.545509 -0.707595
7.549510 -0.701616
7.553511 -0.695196
7.557512 -0.688338
7.561512 -0.681048
7.565513 -0.673330
7.569514 -0.665190
7.573515 -0.656631
7.577516 -0.647661
7.581516 -0.638284
7.585517 -0.628507
7.589518 -0.618336
7.593519 -0.607777
7.597520 -0.596838
7.601520 -0.585526
7.605521 -0.573847
7.609522 -0.561809
7.613523 -0.549421
7.617524 -0.536689
7.621524 -0.523622
7.625525 -0.510228
7.629526 -0.496517
7.633527 -0.482496
7.637528 -0.468174
7.641528 -0.453562
7.645529 -0.438667
7.649530 -0.423500
7.653531 -0.408071
7.657532 -0.392388
7.661532 -0.376463
7.665533 -0.360305
7.669534 -0.343924
7.673535 -0.327331
7.677536 -0.310537
7.681536 -0.293552
7.685537 -0.276387
7.689538 -0.259052
7.693539 -0.241560
7.697540 -0.223920
7.701540 -0.206144
7.705541 -0.188244
7.709542 -0.170231
7.713543 -0.152116
7.717544 -0.133910
7.721544 -0.115626
7.725545 -0.097274
7.729546 -0.078866
7.733547 -0.060415
7.737548 -0.041931
7.741548 -0.023427
7.745549 -0.004914
7.749550 0.013597
7.753551 0.032093
7.757552 0.050563
7.761552 0.068995
7.765553 0.087378
7.769554 0.105700
7.773555 0.123949
7.777556 0.142114
7.781556 0.160184
7.785557 0.178147
7.789558 0.195992
7.793559 0.213707
7.797560 0.231281
7.801560 0.248704
7.805561 0.265964
7.809562 0.283051
7.813563 0.299954
7.817564 0.316662
7.821564 0.333164
7.825565 0.349451
7.829566 0.365512
7.833567 0.381337
7.837568 0.396916
7.841568 0.412240
7.845569 0.427298
7.849570 0.442081
7.853571 0.456581
7.857572 0.470787
7.861572 0.484692
7.865573 0.498286
7.869574 0.511561
7.873575 0.524509
7.877576 0.537121
7.881576 0.549390
7.885577 0.561308
7.889578 0.572868
7.893579 0.584062
7.897580 0.594884
7.901580 0.605327
7.905581 0.615383
7.909582 0.625048
7.913583 0.634315
7.917584 0.643179
7.921584 0.651633
7.925585 0.659673
7.929586 0.667294
7.933587 0.674491
7.937588 0.681259
7.941588 0.687595
7.945589 0.693495
7.949590 0.698954
7.953591 0.703971
7.957592 0.708541
7.961592 0.712662
7.965593 0.716331
7.969594 0.719547
7.973595 0.722308
7.977596 0.724611
7.981596 0.726456
7.985597 0.727841
7.989598 0.728766
7.993599 0.729231
7.997600 0.729234
8.001600 0.728777
8.005601 0.727860
8.009602 0.726483
8.013603 0.724648
8.017604 0.722356
8.021604 0.719608
8.025605 0.716406
8.029606 0.712753
8.033607 0.708650
8.037608 0.704102
8.041608 0.699109
8.045609 0.693677
8.049610 0.687809
8.053611 0.681508
8.057612 0.674778
8.061612 0.667624
8.065613 0.660051
8.069614 0.652063
8.073615 0.643665
8.077616 0.634864
8.081616 0.625665
8.085617 0.616073
8.089618 0.606095
8.093619 0.595737
8.097620 0.585006
8.101620 0.573910
8.105621 0.562454
8.109622 0.550646
8.113623 0.538494
8.117624 0.526006
8.121624 0.513190
8.125625 0.500053
8.129626 0.486605
8.133627 0.472854
8.137628 0.458808
8.141628 0.444477
8.145629 0.429869
8.149630 0.414995
8.153631 0.399863
8.157632 0.384483
8.161632 0.368866
8.165633 0.353020
8.169634 0.336956
8.173635 0.320685
8.177636 0.304216
8.181636 0.287560
8.185637 0.270728
8.189638 0.253730
8.193639 0.236577
8.197640 0.219280
8.201640 0.201850
8.205641 0.184298
8.209642 0.166635
8.213643 0.148873
8.217644 0.131022
8.221644 0.113094
8.225645 0.095100
8.229646 0.077051
8.233647 0.058960
8.237648 0.040837
8.241648 0.022694
8.245649 0.004543
8.249650 -0.013606
8.253651 -0.031740
8.257652 -0.049848
8.261652 -0.067920
8.265653 -0.085942
8.269654 -0.103905
8.273655 -0.121796
8.277656 -0.139605
8.281656 -0.157320
8.285657 -0.174930
8.289658 -0.192424
8.293659 -0.209791
8.297660 -0.227020
8.301660 -0.244100
8.305661 -0.261020
8.309662 -0.277770
8.313663 -0.294340
8.317664 -0.310718
8.321664 -0.326895
8.325665 -0.342860
8.329666 -0.358604
8.333667 -0.374116
8.337668 -0.389387
8.341668 -0.404407
8.345669 -0.419166
8.349670 -0.433657
8.353671 -0.447869
8.357672 -0.461793
8.361672 -0.475421
8.365673 -0.488745
8.369674 -0.501756
8.373675 -0.514446
8.377676 -0.526806
8.381676 -0.538830
8.385677 -0.550510
8.389678 -0.561839
8.393679 -0.572808
8.397680 -0.583413
8.401680 -0.593646
8.405681 -0.603500
8.409682 -0.612970
8.413683 -0.622050
8.417684 -0.630734
8.421684 -0.639017
8.425685 -0.646894
8.429686 -0.654359
8.433687 -0.661409
8.437688 -0.668039
8.441688 -0.674245
8.445689 -0.680023
8.449690 -0.685369
8.453691 -0.690281
8.457692 -0.694755
8.461692 -0.698789
8.465693 -0.702380
8.469694 -0.705526
8.473695 -0.708226
8.477696 -0.710477
8.481696 -0.712279
8.485697 -0.713631
8.489698 -0.714531
8.493699 -0.714979
8.497700 -0.714976
8.501700 -0.714521
8.505701 -0.713615
8.509702 -0.712258
8.513703 -0.710452
8.517704 -0.708198
8.521704 -0.705497
8.525705 -0.702351
8.529706 -0.698762
8.533707 -0.694734
8.537708 -0.690267
8.541708 -0.685366
8.545709 -0.680034
8.549710 -0.674273
8.553711 -0.668089
8.557712 -0.661484
8.561712 -0.654464
8.565713 -0.647033
8.569714 -0.639195
8.573715 -0.630956
8.577716 -0.622320
8.581716 -0.613295
8.585717 -0.603885
8.589718 -0.594096
8.593719 -0.583935
8.597720 -0.573409
8.601720 -0.562524
8.605721 -0.551286
8.609722 -0.539704
8.613723 -0.527785
8.617724 -0.515536
8.621724 -0.502966
8.625725 -0.490081
8.629726 -0.476891
8.633727 -0.463404
8.637728 -0.449629
8.641728 -0.435573
8.645729 -0.421248
8.649730 -0.406660
8.653731 -0.391820
8.657732 -0.376738
8.661732 -0.361422
8.665733 -0.345883
8.669734 -0.330130
8.673735 -0.314173
8.677736 -0.298024
8.681736 -0.281691
8.685737 -0.265185
8.689738 -0.248517
8.693739 -0.231697
8.697740 -0.214736
8.701740 -0.197645
8.705741 -0.180434
8.709742 -0.163115
8.713743 -0.145698
8.717744 -0.128195
8.721744 -0.110616
8.725745 -0.092973
8.729746 -0.075277
8.733747 -0.057539
8.737748 -0.039770
8.741748 -0.021982
8.745749 -0.004185
8.749750 0.013609
8.753751 0.031388
8.757752 0.049142
8.761752 0.066860
8.765753 0.084529
8.769754 0.102140
8.773755 0.119680
8.777756 0.137140
8.781756 0.154507
8.785757 0.171771
8.789758 0.188921
8.793759 0.205947
8.797760 0.222837
8.801760 0.239580
8.805761 0.256168
8.809762 0.272588
8.813763 0.288831
8.817764 0.304886
8.821764 0.320743
8.825765 0.336393
8.829766 0.351826
8.833767 0.367031
8.837768 0.382000
8.841768 0.396722
8.845769 0.411190
8.849770 0.425393
8.853771 0.439322
8.857772 0.452970
8.861772 0.466328
8.865773 0.479387
8.869774 0.492138
8.873775 0.504575
8.877776 0.516689
8.881776 0.528473
8.885777 0.539920
8.889778 0.551021
8.893779 0.561771
8.897780 0.572163
8.901780 0.582190
8.905781 0.591846
8.909782 0.601126
8.913783 0.610022
8.917784 0.618531
8.921784 0.626646
8.925785 0.634362
8.929786 0.641676
8.933787 0.648582
8.937788 0.655076
8.941788 0.661154
8.945789 0.666812
8.949790 0.672048
8.953791 0.676857
8.957792 0.681237
8.961792 0.685185
8.965793 0.688700
8.969794 0.691778
8.973795 0.694418
8.977796 0.696619
8.981796 0.698379
8.985797 0.699697
8.989798 0.700573
8.993799 0.701006
8.997800 0.700996
9.001800 0.700544
9.005801 0.699648
9.009802 0.698312
9.013803 0.696534
9.017804 0.694317
9.021804 0.691662
9.025805 0.688571
9.029806 0.685047
9.033807 0.681090
9.037808 0.676704
9.041808 0.671893
9.045809 0.666658
9.049810 0.661004
9.053811 0.654934
9.057812 0.648453
9.061812 0.641564
9.065813 0.634271
9.069814 0.626581
9.073815 0.618497
9.077816 0.610024
9.081816 0.601170
9.085817 0.591938
9.089818 0.582335
9.093819 0.572367
9.097820 0.562041
9.101820 0.551363
9.105821 0.540341
9.109822 0.528980
9.113823 0.517289
9.117824 0.505274
9.121824 0.492945
9.125825 0.480308
9.129826 0.467371
9.133827 0.454143
9.137828 0.440633
9.141828 0.426848
9.145829 0.412799
9.149830 0.398492
9.153831 0.383939
9.157832 0.369148
9.161832 0.354128
9.165833 0.338889
9.169834 0.323441
9.173835 0.307794
9.177836 0.291957
9.181836 0.275941
9.185837 0.259755
9.189838 0.243410
9.193839 0.226917
9.197840 0.210286
9.201840 0.193527
9.205841 0.176651
9.209842 0.159669
9.213843 0.142591
9.217844 0.125429
9.221844 0.108193
9.225845 0.090894
9.229846 0.073543
9.233847 0.056151
9.237848 0.038729
9.241848 0.021288
9.245849 0.003839
9.249850 -0.013607
9.253851 -0.031038
9.257852 -0.048445
9.261852 -0.065815
9.265853 -0.083139
9.269854 -0.100404
9.273855 -0.117600
9.277856 -0.134717
9.281856 -0.151744
9.285857 -0.168669
9.289858 -0.185482
9.293859 -0.202172
9.297860 -0.218730
9.301860 -0.235144
9.305861 -0.251405
9.309862 -0.267502
9.313863 -0.283424
9.317864 -0.299163
9.321864 -0.314707
9.325865 -0.330048
9.329866 -0.345175
9.333867 -0.360080
9.337868 -0.374752
9.341868 -0.389184
9.345869 -0.403364
9.349870 -0.417286
9.353871 -0.430939
9.357872 -0.444316
9.361872 -0.457408
9.365873 -0.470207
9.369874 -0.482705
9.373875 -0.494894
9.377876 -0.506766
9.381876 -0.518315
9.385877 -0.529532
9.389878 -0.540412
9.393879 -0.550946
9.397880 -0.561130
9.401880 -0.570955
9.405881 -0.580417
9.409882 -0.589509
9.413883 -0.598226
9.417884 -0.606563
9.421884 -0.614513
9.425885 -0.622073
9.429886 -0.629237
9.433887 -0.636002
9.437888 -0.642362
9.441888 -0.648315
9.445889 -0.653857
9.449890 -0.658983
9.453891 -0.663692
9.457892 -0.667980
9.461892 -0.671844
9.465893 -0.675283
9.469894 -0.678294
9.473895 -0.680876
9.477896 -0.683027
9.481896 -0.684745
9.485897 -0.686031
9.489898 -0.686882
9.493899 -0.687300
9.497900 -0.687282
9.501900 -0.686831
9.505901 -0.685946
9.509902 -0.684627
9.513903 -0.682877
9.517904 -0.680695
9.521904 -0.678084
9.525905 -0.675045
9.529906 -0.671581
9.533907 -0.667693
9.537908 -0.663384
9.541908 -0.658658
9.545909 -0.653516
9.549910 -0.647963
9.553911 -0.642002
9.557912 -0.635637
9.561912 -0.628871
9.565913 -0.621711
9.569914 -0.614159
9.573915 -0.606221
9.577916 -0.597901
9.581916 -0.589206
9.585917 -0.580141
9.589918 -0.570711
9.593919 -0.560923
9.597920 -0.550782
9.601920 -0.540295
9.605921 -0.529470
9.609922 -0.518311
9.613923 -0.506827
9.617924 -0.495025
9.621924 -0.482913
9.625925 -0.470497
9.629926 -0.457785
9.633927 -0.444786
9.637928 -0.431508
9.641928 -0.417958
9.645929 -0.404146
9.649930 -0.390080
9.653931 -0.375768
9.657932 -0.361220
9.661932 -0.346443
9.665933 -0.331449
9.669934 -0.316245
9.673935 -0.300841
9.677936 -0.285246
9.681936 -0.269470
9.685937 -0.253523
9.689938 -0.237414
9.693939 -0.221152
9.697940 -0.204748
9.701940 -0.188212
9.705941 -0.171553
9.709942 -0.154781
9.713943 -0.137906
9.717944 -0.120939
9.721944 -0.103889
9.725945 -0.086766
9.729946 -0.069580
9.733947 -0.052341
9.737948 -0.035060
9.741948 -0.017746
9.745949 -0.000408
9.749950 0.016942
9.753951 0.034295
9.757952 0.051642
9.761952 0.068973
9.765953 0.086278
9.769954 0.103547
9.773955 0.120772
9.777956 0.137942
9.781956 0.155049
9.785957 0.172083
9.789958 0.189035
9.793959 0.205897
9.797960 0.222659
9.801960 0.239313
9.805961 0.255851
9.809962 0.272263
9.813963 0.288543
9.817964 0.304681
9.821964 0.320670
9.825965 0.336503
9.829966 0.352172
9.833967 0.367669
9.837968 0.382987
9.841968 0.398120
9.845969 0.413061
9.849970 0.427803
9.853971 0.442340
9.857972 0.456666
9.861972 0.470775
9.865973 0.484661
9.869974 0.498318
9.873975 0.511743
9.877976 0.524929
9.881976 0.537872
9.885977 0.550568
9.889978 0.563011
9.893979 0.575199
9.897980 0.587126
9.901980 0.598790
9.905981 0.610188
9.909982 0.621315
9.913983 0.632169
9.917984 0.642748
9.921984 0.653049
9.925985 0.663069
9.929986 0.672807
9.933987 0.682262
9.937988 0.691430
9.941988 0.700312
9.945989 0.708905
9.949990 0.717210
9.953991 0.725224
9.957992 0.732949
9.961992 0.740382
9.965993 0.747525
9.969994 0.754378
9.973995 0.760940
9.977996 0.767212
9.981996 0.773194
9.985997 0.778889
9.989998 0.784295
9.993999 0.789415
9.998000 0.794249
10.002000 0.798800
10.006001 0.803068
10.010002 0.807055
10.014003 0.810763
10.018004 0.814194
10.022004 0.817351
10.026005 0.820234
10.030006 0.822847
10.034007 0.825191
10.038008 0.827270
10.042008 0.829085
10.046009 0.830639
10.050010 0.831936
10.054011 0.832977
10.058012 0.833766
10.062012 0.834304
10.066013 0.834597
10.070014 0.834645
10.074015 0.834452
10.078016 0.834022
10.082016 0.833357
10.086017 0.832461
10.090018 0.831336
10.094019 0.829986
10.098020 0.828413
10.102020 0.826622
10.106021 0.824614
10.110022 0.822394
10.114023 0.819964
10.118024 0.817328
10.122024 0.814489
10.126025 0.811449
10.130026 0.808212
10.134027 0.804782
10.138028 0.801160
10.142028 0.797351
10.146029 0.793357
10.150030 0.789181
10.154031 0.784826
10.158032 0.780295
10.162032 0.775592
10.166033 0.770718
10.170034 0.765678
10.174035 0.760473
10.178036 0.755106
10.182036 0.749580
10.186037 0.743899
10.190038 0.738063
10.194039 0.732078
10.198040 0.725943
10.202040 0.719664
10.206041 0.713241
10.210042 0.706678
10.214043 0.699976
10.218044 0.693139
10.222044 0.686169
10.226045 0.679068
10.230046 0.671839
10.234047 0.664483
10.238048 0.657003
10.242048 0.649402
10.246049 0.641681
10.250050 0.633843
10.254051 0.625890
10.258052 0.617824
10.262052 0.609647
10.266053 0.601361
10.270054 0.592969
10.274055 0.584472
10.278056 0.575872
10.282056 0.567172
10.286057 0.558373
10.290058 0.549478
10.294059 0.540488
10.298060 0.531405
10.302060 0.522232
10.306061 0.512970
10.310062 0.503620
10.314063 0.494186
10.318064 0.484668
10.322064 0.475069
10.326065 0.465391
10.330066 0.455634
10.334067 0.445802
10.338068 0.435897
10.342068 0.425918
10.346069 0.415870
10.350070 0.405753
10.354071 0.395569
10.358072 0.385321
10.362072 0.375009
10.366073 0.364636
10.370074 0.354204
10.374075 0.343714
10.378076 0.333168
10.382076 0.322568
10.386077 0.311916
10.390078 0.301213
10.394079 0.290461
10.398080 0.279663
10.402080 0.268819
10.406081 0.257932
10.410082 0.247003
10.414083 0.236035
10.418084 0.225029
10.422084 0.213987
10.426085 0.202910
10.430086 0.191800
10.434087 0.180660
10.438088 0.169491
10.442088 0.158295
10.446089 0.147074
10.450090 0.135829
10.454091 0.124562
10.458092 0.113275
10.462092 0.101970
10.466093 0.090649
10.470094 0.079313
10.474095 0.067965
10.478096 0.056606
10.482096 0.045237
10.486097 0.033862
10.490098 0.022481
10.494099 0.011096
10.498100 -0.000291
10.502100 -0.011677
10.506101 -0.023062
10.510102 -0.034443
10.514103 -0.045819
10.518104 -0.057188
10.522104 -0.068548
10.526105 -0.079897
10.530106 -0.091233
10.534107 -0.102555
10.538108 -0.113861
10.542108 -0.125149
10.546109 -0.136417
10.550110 -0.147663
10.554111 -0.158887
10.558112 -0.170085
10.562112 -0.181256
10.566113 -0.192399
10.570114 -0.203511
10.574115 -0.214591
10.578116 -0.225638
10.582116 -0.236648
10.586117 -0.247622
10.590118 -0.258556
10.594119 -0.269449
10.598120 -0.280300
10.602120 -0.291106
10.606121 -0.301867
10.610122 -0.312580
10.614123 -0.323243
10.618124 -0.333856
10.622124 -0.344415
10.626125 -0.354920
10.630126 -0.365370
10.634127 -0.375761
10.638128 -0.386093
10.642128 -0.396364
10.646129 -0.406573
10.650130 -0.416717
10.654131 -0.426796
10.658132 -0.436807
10.662132 -0.446749
10.666133 -0.456620
10.670134 -0.466419
10.674135 -0.476145
10.678136 -0.485795
10.682136 -0.495369
10.686137 -0.504864
10.690138 -0.514280
10.694139 -0.523614
10.698140 -0.532866
10.702140 -0.542034
10.706141 -0.551115
10.710142 -0.560110
10.714143 -0.569017
10.718144 -0.577833
10.722144 -0.586558
10.726145 -0.595191
10.730146 -0.603729
10.734147 -0.612172
10.738148 -0.620519
10.742148 -0.628767
10.746149 -0.636916
10.750150 -0.644965
10.754151 -0.652911
10.758152 -0.660754
10.762152 -0.668493
10.766153 -0.676127
10.770154 -0.683653
10.774155 -0.691072
10.778156 -0.698381
10.782156 -0.705581
10.786157 -0.712668
10.790158 -0.719643
10.794159 -0.726505
10.798160 -0.733251
10.802160 -0.739882
10.806161 -0.746396
10.810162 -0.752792
10.814163 -0.759069
10.818164 -0.765226
10.822164 -0.771262
10.826165 -0.777177
10.830166 -0.782968
10.834167 -0.788636
10.838168 -0.794179
10.842168 -0.799597
10.846169 -0.804889
10.850170 -0.810053
10.854171 -0.815090
10.858172 -0.819997
10.862172 -0.824776
10.866173 -0.829423
10.870174 -0.833940
10.874175 -0.838325
10.878176 -0.842578
10.882176 -0.846698
10.886177 -0.850683
10.890178 -0.854535
10.894179 -0.858251
10.898180 -0.861832
10.902180 -0.865277
10.906181 -0.868585
10.910182 -0.871755
10.914183 -0.874789
10.918184 -0.877683
10.922184 -0.880440
10.926185 -0.883057
10.930186 -0.885534
10.934187 -0.887872
10.938188 -0.890070
10.942188 -0.892126
10.946189 -0.894042
10.950190 -0.895817
10.954191 -0.897450
10.958192 -0.898942
10.962192 -0.900291
10.966193 -0.901498
10.970194 -0.902563
10.974195 -0.903485
10.978196 -0.904265
10.982196 -0.904901
10.986197 -0.905395
10.990198 -0.905745
10.994199 -0.905953
10.998200 -0.906017
11.002200 -0.905939
11.006201 -0.905717
11.010202 -0.905352
11.014203 -0.904844
11.018204 -0.904193
11.022204 -0.903399
11.026205 -0.902463
11.030206 -0.901384
11.034207 -0.900162
11.038208 -0.898799
11.042208 -0.897293
11.046209 -0.895646
11.050210 -0.893857
11.054211 -0.891927
11.058212 -0.889856
11.062212 -0.887645
11.066213 -0.885293
11.070214 -0.882801
11.074215 -0.880170
11.078216 -0.877400
11.082216 -0.874491
11.086217 -0.871445
11.090218 -0.868260
11.094219 -0.864938
11.098220 -0.861480
11.102220 -0.857886
11.106221 -0.854156
11.110222 -0.850291
11.114223 -0.846292
11.118224 -0.842159
11.122224 -0.837893
11.126225 -0.833495
11.130226 -0.828965
11.134227 -0.824304
11.138228 -0.819513
11.142228 -0.814592
11.146229 -0.809543
11.150230 -0.804365
11.154231 -0.799061
11.158232 -0.793631
11.162232 -0.788075
11.166233 -0.782395
11.170234 -0.776591
11.174235 -0.770664
11.178236 -0.764616
11.182236 -0.758446
11.186237 -0.752158
11.190238 -0.745750
11.194239 -0.739224
11.198240 -0.732582
11.202240 -0.725824
11.206241 -0.718951
11.210242 -0.711964
11.214243 -0.704866
11.218244 -0.697655
11.222244 -0.690335
11.226245 -0.682906
11.230246 -0.675368
11.234247 -0.667724
11.238248 -0.659975
11.242248 -0.652121
11.246249 -0.644164
11.250250 -0.636106
11.254251 -0.627947
11.258252 -0.619688
11.262252 -0.611332
11.266253 -0.602880
11.270254 -0.594332
11.274255 -0.585690
11.278256 -0.576956
11.282256 -0.568130
11.286257 -0.559215
11.290258 -0.550211
11.294259 -0.541121
11.298260 -0.531945
11.302260 -0.522685
11.306261 -0.513342
11.310262 -0.503918
11.314263 -0.494415
11.318264 -0.484834
11.322264 -0.475176
11.326265 -0.465443
11.330266 -0.455636
11.334267 -0.445757
11.338268 -0.435808
11.342268 -0.425791
11.346269 -0.415706
11.350270 -0.405555
11.354271 -0.395340
11.358272 -0.385063
11.362272 -0.374725
11.366273 -0.364327
11.370274 -0.353872
11.374275 -0.343362
11.378276 -0.332797
11.382276 -0.322179
11.386277 -0.311511
11.390278 -0.300793
11.394279 -0.290028
11.398280 -0.279217
11.402280 -0.268361
11.406281 -0.257464
11.410282 -0.246526
11.414283 -0.235549
11.418284 -0.224534
11.422284 -0.213484
11.426285 -0.202401
11.430286 -0.191285
11.434287 -0.180139
11.438288 -0.168965
11.442288 -0.157764
11.446289 -0.146539
11.450290 -0.135290
11.454291 -0.124019
11.458292 -0.112729
11.462292 -0.101422
11.466293 -0.090098
11.470294 -0.078760
11.474295 -0.067409
11.478296 -0.056048
11.482296 -0.044678
11.486297 -0.033301
11.490298 -0.021919
11.494299 -0.010533
11.498300 0.000854
11.502300 0.012241
11.506301 0.023627
11.510302 0.035008
11.514303 0.046384
11.518304 0.057753
11.522304 0.069113
11.526305 0.080461
11.530306 0.091797
11.534307 0.103119
11.538308 0.114424
11.542308 0.125711
11.546309 0.136978
11.550310 0.148224
11.554311 0.159446
11.558312 0.170643
11.562312 0.181813
11.566313 0.192955
11.570314 0.204065
11.574315 0.215144
11.578316 0.226189
11.582316 0.237198
11.586317 0.248169
11.590318 0.259101
11.594319 0.269992
11.598320 0.280841
11.602320 0.291645
11.606321 0.302404
11.610322 0.313114
11.614323 0.323775
11.618324 0.334385
11.622324 0.344942
11.626325 0.355444
11.630326 0.365891
11.634327 0.376279
11.638328 0.386608
11.642328 0.396876
11.646329 0.407082
11.650330 0.417223
11.654331 0.427298
11.658332 0.437305
11.662332 0.447244
11.666333 0.457112
11.670334 0.466907
11.674335 0.476629
11.678336 0.486276
11.682336 0.495846
11.686337 0.505337
11.690338 0.514749
11.694339 0.524079
11.698340 0.533326
11.702340 0.542490
11.706341 0.551567
11.710342 0.560558
11.714343 0.569460
11.718344 0.578272
11.722344 0.586992
11.726345 0.595620
11.730346 0.604154
11.734347 0.612592
11.738348 0.620933
11.742348 0.629177
11.746349 0.637321
11.750350 0.645364
11.754351 0.653306
11.758352 0.661144
11.762352 0.668878
11.766353 0.676506
11.770354 0.684027
11.774355 0.691440
11.778356 0.698744
11.782356 0.705938
11.786357 0.713020
11.790358 0.719989
11.794359 0.726845
11.798360 0.733585
11.802360 0.740210
11.806361 0.746718
11.810362 0.753108
11.814363 0.759380
11.818364 0.765531
11.822364 0.771561
11.826365 0.777469
11.830366 0.783255
11.834367 0.788916
11.838368 0.794453
11.842368 0.799865
11.846369 0.805150
11.850370 0.810308
11.854371 0.815338
11.858372 0.820239
11.862372 0.825011
11.866373 0.829652
11.870374 0.834163
11.874375 0.838541
11.878376 0.842787
11.882376 0.846900
11.886377 0.850879
11.890378 0.854724
11.894379 0.858433
11.898380 0.862008
11.902380 0.865445
11.906381 0.868747
11.910382 0.871910
11.914383 0.874937
11.918384 0.877824
11.922384 0.880574
11.926385 0.883184
11.930386 0.885655
11.934387 0.887985
11.938388 0.890176
11.942388 0.892226
11.946389 0.894134
11.950390 0.895902
11.954391 0.897528
11.958392 0.899012
11.962392 0.900355
11.966393 0.901555
11.970394 0.902612
11.974395 0.903527
11.978396 0.904300
11.982396 0.904929
11.986397 0.905416
11.990398 0.905759
11.994399 0.905960
11.998400 0.906017
12.002400 0.905931
12.006401 0.905702
12.010402 0.905330
12.014403 0.904815
12.018404 0.904157
12.022404 0.903356
12.026405 0.902412
12.030406 0.901326
12.034407 0.900098
12.038408 0.898727
12.042408 0.897214
12.046409 0.895560
12.050410 0.893764
12.054411 0.891827
12.058412 0.889749
12.062412 0.887530
12.066413 0.885172
12.070414 0.882673
12.074415 0.880035
12.078416 0.877258
12.082416 0.874342
12.086417 0.871289
12.090418 0.868097
12.094419 0.864769
12.098420 0.861304
12.102420 0.857702
12.106421 0.853966
12.110422 0.850094
12.114423 0.846088
12.118424 0.841949
12.122424 0.837676
12.126425 0.833271
12.130426 0.828735
12.134427 0.824067
12.138428 0.819270
12.142428 0.814343
12.146429 0.809287
12.150430 0.804103
12.154431 0.798793
12.158432 0.793356
12.162432 0.787794
12.166433 0.782107
12.170434 0.776297
12.174435 0.770364
12.178436 0.764310
12.182436 0.758135
12.186437 0.751840
12.190438 0.745426
12.194439 0.738895
12.198440 0.732247
12.202440 0.725483
12.206441 0.718604
12.210442 0.711612
12.214443 0.704508
12.218444 0.697292
12.222444 0.689966
12.226445 0.682531
12.230446 0.674989
12.234447 0.667339
12.238448 0.659585
12.242448 0.651726
12.246449 0.643764
12.250450 0.635700
12.254451 0.627536
12.258452 0.619273
12.262452 0.610912
12.266453 0.602454
12.270454 0.593902
12.274455 0.585255
12.278456 0.576516
12.282456 0.567686
12.286457 0.558767
12.290458 0.549759
12.294459 0.540664
12.298460 0.531484
12.302460 0.522219
12.306461 0.512873
12.310462 0.503445
12.314463 0.493938
12.318464 0.484353
12.322464 0.474691
12.326465 0.464954
12.330466 0.455144
12.334467 0.445262
12.338468 0.435309
12.342468 0.425288
12.346469 0.415200
12.350470 0.405046
12.354471 0.394828
12.358472 0.384547
12.362472 0.374206
12.366473 0.363806
12.370474 0.353348
12.374475 0.342835
12.378476 0.332267
12.382476 0.321647
12.386477 0.310976
12.390478 0.300256
12.394479 0.289488
12.398480 0.278675
12.402480 0.267818
12.406481 0.256918
12.410482 0.245978
12.414483 0.234999
12.418484 0.223983
12.422484 0.212931
12.426485 0.201846
12.430486 0.190729
12.434487 0.179581
12.438488 0.168406
12.442488 0.157204
12.446489 0.145977
12.450490 0.134727
12.454491 0.123455
12.458492 0.112164
12.462492 0.100856
12.466493 0.089531
12.470494 0.078193
12.474495 0.066842
12.478496 0.055480
12.482496 0.044110
12.486497 0.032732
12.490498 0.021350
12.494499 0.009964
12.498500 -0.001423
12.502501 -0.012811
12.506501 -0.024196
12.510502 -0.035577
12.514503 -0.046953
12.518504 -0.058321
12.522505 -0.069680
12.526505 -0.081028
12.530506 -0.092364
12.534507 -0.103684
12.538508 -0.114989
12.542509 -0.126275
12.546509 -0.137541
12.550510 -0.148786
12.554511 -0.160007
12.558512 -0.171202
12.562513 -0.182371
12.566513 -0.193511
12.570514 -0.204620
12.574515 -0.215697
12.578516 -0.226740
12.582517 -0.237747
12.586517 -0.248716
12.590518 -0.259647
12.594519 -0.270536
12.598520 -0.281382
12.602521 -0.292184
12.606521 -0.302940
12.610522 -0.313648
12.614523 -0.324307
12.618524 -0.334914
12.622525 -0.345468
12.626525 -0.355968
12.630526 -0.366411
12.634527 -0.376797
12.638528 -0.387123
12.642529 -0.397388
12.646529 -0.407590
12.650530 -0.417728
12.654531 -0.427800
12.658532 -0.437804
12.662533 -0.447739
12.666533 -0.457603
12.670534 -0.467395
12.674535 -0.477113
12.678536 -0.486756
12.682537 -0.496322
12.686537 -0.505810
12.690538 -0.515217
12.694539 -0.524543
12.698540 -0.533787
12.702541 -0.542946
12.706541 -0.552019
12.710542 -0.561005
12.714543 -0.569902
12.718544 -0.578710
12.722545 -0.587426
12.726545 -0.596049
12.730546 -0.604578
12.734547 -0.613011
12.738548 -0.621348
12.742549 -0.629586
12.746549 -0.637726
12.750550 -0.645764
12.754551 -0.653700
12.758552 -0.661533
12.762553 -0.669262
12.766553 -0.676884
12.770554 -0.684400
12.774555 -0.691808
12.778556 -0.699106
12.782557 -0.706294
12.786557 -0.713371
12.790558 -0.720334
12.794559 -0.727184
12.798560 -0.733919
12.802561 -0.740539
12.806561 -0.747041
12.810562 -0.753425
12.814563 -0.759690
12.818564 -0.765835
12.822565 -0.771859
12.826565 -0.777761
12.830566 -0.783541
12.834567 -0.789196
12.838568 -0.794727
12.842569 -0.800132
12.846569 -0.805411
12.850570 -0.810563
12.854571 -0.815586
12.858572 -0.820481
12.862573 -0.825246
12.866573 -0.829881
12.870574 -0.834385
12.874575 -0.838757
12.878576 -0.842996
12.882577 -0.847102
12.886577 -0.851075
12.890578 -0.854913
12.894579 -0.858615
12.898580 -0.862183
12.902581 -0.865614
12.906581 -0.868908
12.910582 -0.872065
12.914583 -0.875084
12.918584 -0.877965
12.922585 -0.880708
12.926585 -0.883311
12.930586 -0.885774
12.934587 -0.888098
12.938588 -0.890282
12.942589 -0.892324
12.946589 -0.894226
12.950590 -0.895987
12.954591 -0.897606
12.958592 -0.899083
12.962593 -0.900418
12.966593 -0.901611
12.970594 -0.902662
12.974595 -0.903569
12.978596 -0.904335
12.982597 -0.904957
12.986597 -0.905436
12.990598 -0.905773
12.994599 -0.905966
12.998600 -0.906016
13.002601 -0.905923
13.006601 -0.905687
13.010602 -0.905307
13.014603 -0.904785
13.018604 -0.904120
13.022605 -0.903312
13.026605 -0.902361
13.030606 -0.901268
13.034607 -0.900032
13.038608 -0.898655
13.042609 -0.897135
13.046609 -0.895473
13.050610 -0.893670
13.054611 -0.891726
13.058612 -0.889641
13.062613 -0.887416
13.066613 -0.885050
13.070614 -0.882544
13.074615 -0.879899
13.078616 -0.877115
13.082617 -0.874193
13.086617 -0.871132
13.090618 -0.867934
13.094619 -0.864599
13.098620 -0.861127
13.102621 -0.857519
13.106621 -0.853775
13.110622 -0.849897
13.114623 -0.845884
13.118624 -0.841738
13.122625 -0.837459
13.126625 -0.833047
13.130626 -0.828504
13.134627 -0.823830
13.138628 -0.819026
13.142629 -0.814093
13.146629 -0.809031
13.150630 -0.803841
13.154631 -0.798524
13.158632 -0.793081
13.162633 -0.787512
13.166633 -0.781820
13.170634 -0.776003
13.174635 -0.770065
13.178636 -0.764004
13.182637 -0.757823
13.186637 -0.751522
13.190638 -0.745102
13.194639 -0.738565
13.198640 -0.731911
13.202641 -0.725141
13.206641 -0.718257
13.210642 -0.711260
13.214643 -0.704150
13.218644 -0.696928
13.222645 -0.689597
13.226645 -0.682157
13.230646 -0.674609
13.234647 -0.666954
13.238648 -0.659194
13.242649 -0.651330
13.246649 -0.643363
13.250650 -0.635294
13.254651 -0.627125
13.258652 -0.618857
13.262653 -0.610491
13.266653 -0.602029
13.270654 -0.593472
13.274655 -0.584821
13.278656 -0.576077
13.282657 -0.567243
13.286657 -0.558318
13.290658 -0.549306
13.294659 -0.540207
13.298660 -0.531022
13.302661 -0.521754
13.306661 -0.512403
13.310662 -0.502972
13.314663 -0.493460
13.318664 -0.483871
13.322665 -0.474206
13.326665 -0.464465
13.330666 -0.454651
13.334667 -0.444766
13.338668 -0.434810
13.342669 -0.424785
13.346669 -0.414693
13.350670 -0.404536
13.354671 -0.394315
13.358672 -0.384032
13.362673 -0.373687
13.366673 -0.363284
13.370674 -0.352824
13.374675 -0.342308
13.378676 -0.331737
13.382677 -0.321114
13.386677 -0.310441
13.390678 -0.299718
13.394679 -0.288949
13.398680 -0.278133
13.402681 -0.267274
13.406681 -0.256372
13.410682 -0.245430
13.414683 -0.234449
13.418684 -0.223431
13.422685 -0.212377
13.426685 -0.201291
13.430686 -0.190172
13.434687 -0.179023
13.438688 -0.167846
13.442689 -0.156643
13.446689 -0.145415
13.450690 -0.134163
13.454691 -0.122891
13.458692 -0.111599
13.462693 -0.100290
13.466693 -0.088965
13.470694 -0.077625
13.474695 -0.066274
13.478696 -0.054912
13.482697 -0.043541
13.486697 -0.032163
13.490698 -0.020781
13.494699 -0.009395
13.498700 0.001993
13.502701 0.013380
13.506701 0.024765
13.510702 0.036146
13.514703 0.047522
13.518704 0.058889
13.522705 0.070248
13.526705 0.081596
13.530706 0.092930
13.534707 0.104250
13.538708 0.115554
13.542709 0.126839
13.546709 0.138104
13.550710 0.149347
13.554711 0.160567
13.558712 0.171761
13.562713 0.182929
13.566713 0.194067
13.570714 0.205175
13.574715 0.216250
13.578716 0.227291
13.582717 0.238296
13.586717 0.249264
13.590718 0.260192
13.594719 0.271079
13.598720 0.281924
13.602721 0.292723
13.606721 0.303477
13.610722 0.314182
13.614723 0.324838
13.618724 0.335443
13.622725 0.345994
13.626725 0.356491
13.630726 0.366932
13.634727 0.377315
13.638728 0.387638
13.642729 0.397900
13.646729 0.408099
13.650730 0.418233
13.654731 0.428301
13.658732 0.438302
13.662733 0.448234
13.666733 0.458095
13.670734 0.467883
13.674735 0.477597
13.678736 0.487236
13.682737 0.496798
13.686737 0.506282
13.690738 0.515685
13.694739 0.525007
13.698740 0.534247
13.702741 0.543401
13.706741 0.552470
13.710742 0.561452
13.714743 0.570345
13.718744 0.579148
13.722745 0.587859
13.726745 0.596478
13.730746 0.605002
13.734747 0.613430
13.738748 0.621762
13.742749 0.629996
13.746749 0.638130
13.750750 0.646163
13.754751 0.654094
13.758752 0.661922
13.762753 0.669645
13.766753 0.677263
13.770754 0.684773
13.774755 0.692175
13.778756 0.699468
13.782757 0.706651
13.786757 0.713722
13.790758 0.720680
13.794759 0.727524
13.798760 0.734253
13.802761 0.740866
13.806761 0.747363
13.810762 0.753741
13.814763 0.760000
13.818764 0.766139
13.822765 0.772157
13.826765 0.778053
13.830766 0.783826
13.834767 0.789476
13.838768 0.795000
13.842769 0.800399
13.846769 0.805672
13.850770 0.810817
13.854771 0.815834
13.858772 0.820722
13.862773 0.825481
13.866773 0.830109
13.870774 0.834607
13.874775 0.838972
13.878776 0.843204
13.882777 0.847304
13.886777 0.851270
13.890778 0.855101
13.894779 0.858797
13.898780 0.862357
13.902781 0.865782
13.906781 0.869069
13.910782 0.872219
13.914783 0.875232
13.918784 0.878106
13.922785 0.880841
13.926785 0.883437
13.930786 0.885894
13.934787 0.888211
13.938788 0.890387
13.942789 0.892423
13.946789 0.894318
13.950790 0.896071
13.954791 0.897683
13.958792 0.899153
13.962793 0.900481
13.966793 0.901667
13.970794 0.902710
13.974795 0.903611
13.978796 0.904369
13.982797 0.904984
13.986797 0.905456
13.990798 0.905786
13.994799 0.905972
13.998800 0.906015
14.002801 0.905914
14.006801 0.905671
14.010802 0.905285
14.014803 0.904755
14.018804 0.904083
14.022805 0.903268
14.026805 0.902310
14.030806 0.901210
14.034807 0.899967
14.038808 0.898582
14.042809 0.897055
14.046809 0.895387
14.050810 0.893577
14.054811 0.891625
14.058812 0.889533
14.062813 0.887301
14.066813 0.884928
14.070814 0.882416
14.074815 0.879764
14.078816 0.876973
14.082817 0.874043
14.086817 0.870976
14.090818 0.867771
14.094819 0.864428
14.098820 0.860950
14.102821 0.857335
14.106821 0.853585
14.110822 0.849700
14.114823 0.845680
14.118824 0.841527
14.122825 0.837242
14.126825 0.832823
14.130826 0.828274
14.134827 0.823593
14.138828 0.818783
14.142829 0.813843
14.146829 0.808774
14.150830 0.803578
14.154831 0.798255
14.158832 0.792805
14.162833 0.787231
14.166833 0.781532
14.170834 0.775709
14.174835 0.769764
14.178836 0.763698
14.182837 0.757511
14.186837 0.751204
14.190838 0.744778
14.194839 0.738235
14.198840 0.731575
14.202841 0.724800
14.206841 0.717910
14.210842 0.710907
14.214843 0.703791
14.218844 0.696564
14.222845 0.689228
14.226845 0.681782
14.230846 0.674228
14.234847 0.666569
14.238848 0.658803
14.242849 0.650934
14.246849 0.642962
14.250850 0.634888
14.254851 0.626714
14.258852 0.618441
14.262853 0.610071
14.266853 0.601603
14.270854 0.593041
14.274855 0.584386
14.278856 0.575637
14.282857 0.566798
14.286857 0.557870
14.290858 0.548853
14.294859 0.539750
14.298860 0.530561
14.302861 0.521289
14.306861 0.511934
14.310862 0.502498
14.314863 0.492983
14.318864 0.483390
14.322865 0.473720
14.326865 0.463976
14.330866 0.454159
14.334867 0.444270
14.338868 0.434310
14.342869 0.424282
14.346869 0.414187
14.350870 0.404027
14.354871 0.393802
14.358872 0.383516
14.362873 0.373169
14.366873 0.362763
14.370874 0.352299
14.374875 0.341780
14.378876 0.331207
14.382877 0.320582
14.386877 0.309906
14.390878 0.299181
14.394879 0.288409
14.398880 0.277591
14.402881 0.266729
14.406881 0.255826
14.410882 0.244882
14.414883 0.233899
14.418884 0.222879
14.422885 0.211824
14.426885 0.200735
14.430886 0.189615
14.434887 0.178465
14.438888 0.167287
14.442889 0.156082
14.446889 0.144853
14.450890 0.133600
14.454891 0.122327
14.458892 0.111034
14.462893 0.099724
14.466893 0.088398
14.470894 0.077058
14.474895 0.065706
14.478896 0.054343
14.482897 0.042972
14.486897 0.031594
14.490898 0.020211
14.494899 0.008825
14.498900 -0.002562
14.502901 -0.013949
14.506901 -0.025334
14.510902 -0.036715
14.514903 -0.048090
14.518904 -0.059458
14.522905 -0.070816
14.526905 -0.082163
14.530906 -0.093497
14.534907 -0.104816
14.538908 -0.116118
14.542909 -0.127402
14.546909 -0.138667
14.550910 -0.149909
14.554911 -0.161127
14.558912 -0.172320
14.562913 -0.183486
14.566913 -0.194623
14.570914 -0.205729
14.574915 -0.216803
14.578916 -0.227842
14.582917 -0.238846
14.586917 -0.249811
14.590918 -0.260738
14.594919 -0.271622
14.598920 -0.282465
14.602921 -0.293262
14.606921 -0.304013
14.610922 -0.314716
14.614923 -0.325370
14.618924 -0.335972
14.622925 -0.346521
14.626925 -0.357015
14.630926 -0.367453
14.634927 -0.377832
14.638928 -0.388152
14.642929 -0.398411
14.646929 -0.408607
14.650930 -0.418738
14.654931 -0.428803
14.658932 -0.438800
14.662933 -0.448729
14.666933 -0.458586
14.670934 -0.468370
14.674935 -0.478081
14.678936 -0.487716
14.682937 -0.497274
14.686937 -0.506754
14.690938 -0.516153
14.694939 -0.525471
14.698940 -0.534706
14.702941 -0.543857
14.706941 -0.552921
14.710942 -0.561899
14.714943 -0.570787
14.718944 -0.579585
14.722945 -0.588292
14.726945 -0.596906
14.730946 -0.605426
14.734947 -0.613849
14.738948 -0.622176
14.742949 -0.630405
14.746949 -0.638534
14.750950 -0.646562
14.754951 -0.654488
14.758952 -0.662311
14.762953 -0.670029
14.766953 -0.677641
14.770954 -0.685146
14.774955 -0.692543
14.778956 -0.699830
14.782957 -0.707007
14.786957 -0.714072
14.790958 -0.721025
14.794959 -0.727863
14.798960 -0.734587
14.802961 -0.741194
14.806961 -0.747684
14.810962 -0.754057
14.814963 -0.760310
14.818964 -0.766443
14.822965 -0.772455
14.826965 -0.778345
14.830966 -0.784112
14.834967 -0.789755
14.838968 -0.795273
14.842969 -0.800666
14.846969 -0.805932
14.850970 -0.811071
14.854971 -0.816082
14.858972 -0.820964
14.862973 -0.825716
14.866973 -0.830337
14.870974 -0.834828
14.874975 -0.839187
14.878976 -0.843413
14.882977 -0.847505
14.886977 -0.851464
14.890978 -0.855289
14.894979 -0.858978
14.898980 -0.862532
14.902981 -0.865949
14.906981 -0.869230
14.910982 -0.872373
14.914983 -0.875379
14.918984 -0.878246
14.922985 -0.880974
14.926985 -0.883563
14.930986 -0.886013
14.934987 -0.888323
14.938988 -0.890492
14.942989 -0.892521
14.946989 -0.894409
14.950990 -0.896155
14.954991 -0.897760
14.958992 -0.899223
14.962993 -0.900544
14.966993 -0.901723
14.970994 -0.902759
14.974995 -0.903652
14.978996 -0.904403
14.982997 -0.905011
14.986997 -0.905476
14.990998 -0.905798
14.994999 -0.905977
14.999000 -0.906013
15.003001 -0.905906
15.007001 -0.905655
15.011002 -0.905262
15.015003 -0.904725
15.019004 -0.904046
15.023005 -0.903223
15.027005 -0.902258
15.031006 -0.901151
15.035007 -0.899901
15.039008 -0.898509
15.043009 -0.896975
15.047009 -0.895299
15.051010 -0.893482
15.055011 -0.891524
15.059012 -0.889425
15.063013 -0.887185
15.067013 -0.884806
15.071014 -0.882286
15.075015 -0.879627
15.079016 -0.876829
15.083017 -0.873893
15.087017 -0.870819
15.091018 -0.867607
15.095019 -0.864258
15.099020 -0.860772
15.103021 -0.857150
15.107021 -0.853394
15.111022 -0.849502
15.115023 -0.845476
15.119024 -0.841316
15.123025 -0.837024
15.127025 -0.832599
15.131026 -0.828043
15.135027 -0.823356
15.139028 -0.818539
15.143029 -0.813592
15.147029 -0.808517
15.151030 -0.803315
15.155031 -0.797985
15.159032 -0.792530
15.163033 -0.786949
15.167033 -0.781244
15.171034 -0.775415
15.175035 -0.769464
15.179036 -0.763391
15.183037 -0.757198
15.187037 -0.750885
15.191038 -0.744454
15.195039 -0.737905
15.199040 -0.731239
15.203041 -0.724458
15.207041 -0.717563
15.211042 -0.710554
15.215043 -0.703432
15.219044 -0.696200
15.223045 -0.688858
15.227045 -0.681407
15.231046 -0.673848
15.235047 -0.666183
15.239048 -0.658412
15.243049 -0.650538
15.247049 -0.642561
15.251050 -0.634482
15.255051 -0.626303
15.259052 -0.618025
15.263053 -0.609649
15.267053 -0.601178
15.271054 -0.592611
15.275055 -0.583950
15.279056 -0.575198
15.283057 -0.566354
15.287057 -0.557421
15.291058 -0.548400
15.295059 -0.539292
15.299060 -0.530099
15.303061 -0.520823
15.307061 -0.511464
15.311062 -0.502024
15.315063 -0.492505
15.319064 -0.482908
15.323065 -0.473235
15.327065 -0.463487
15.331066 -0.453666
15.335067 -0.443773
15.339068 -0.433810
15.343069 -0.423779
15.347069 -0.413681
15.351070 -0.403517
15.355071 -0.393289
15.359072 -0.383000
15.363073 -0.372650
15.367073 -0.362241
15.371074 -0.351775
15.375075 -0.341253
15.379076 -0.330677
15.383077 -0.320049
15.387077 -0.309371
15.391078 -0.298644
15.395079 -0.287869
15.399080 -0.277049
15.403081 -0.266185
15.407081 -0.255279
15.411082 -0.244333
15.415083 -0.233349
15.419084 -0.222327
15.423085 -0.211270
15.427085 -0.200180
15.431086 -0.189058
15.435087 -0.177907
15.439088 -0.166727
15.443089 -0.155521
15.447089 -0.144291
15.451090 -0.133037
15.455091 -0.121763
15.459092 -0.110469
15.463093 -0.099158
15.467093 -0.087831
15.471094 -0.076491
15.475095 -0.065138
15.479096 -0.053775
15.483097 -0.042403
15.487097 -0.031025
15.491098 -0.019642
15.495099 -0.008256
15.499100 0.003132
15.503101 0.014519
15.507101 0.025903
15.511102 0.037284
15.515103 0.048659
15.519104 0.060026
15.523105 0.071383
15.527105 0.082730
15.531106 0.094063
15.535107 0.105381
15.539108 0.116683
15.543109 0.127966
15.547109 0.139229
15.551110 0.150470
15.555111 0.161688
15.559112 0.172879
15.563113 0.184044
15.567113 0.195179
15.571114 0.206284
15.575115 0.217356
15.579116 0.228393
15.583117 0.239395
15.587117 0.250359
15.591118 0.261283
15.595119 0.272166
15.599120 0.283006
15.603121 0.293801
15.607121 0.304549
15.611122 0.315250
15.615123 0.325901
15.619124 0.336500
15.623125 0.347047
15.627125 0.357538
15.631126 0.367973
15.635127 0.378350
15.639128 0.388667
15.643129 0.398922
15.647129 0.409115
15.651130 0.419243
15.655131 0.429305
15.659132 0.439299
15.663133 0.449223
15.667133 0.459077
15.671134 0.468858
15.675135 0.478565
15.679136 0.488196
15.683137 0.497750
15.687137 0.507226
15.691138 0.516621
15.695139 0.525935
15.699140 0.535166
15.703141 0.544312
15.707141 0.553372
15.711142 0.562345
15.715143 0.571229
15.719144 0.580023
15.723145 0.588725
15.727145 0.597334
15.731146 0.605849
15.735147 0.614268
15.739148 0.622590
15.743149 0.630814
15.747149 0.638938
15.751150 0.646961
15.755151 0.654882
15.759152 0.662699
15.763153 0.670412
15.767153 0.678019
15.771154 0.685518
15.775155 0.692910
15.779156 0.700192
15.783157 0.707363
15.787157 0.714423
15.791158 0.721369
15.795159 0.728202
15.799160 0.734920
15.803161 0.741521
15.807161 0.748006
15.811162 0.754372
15.815163 0.760619
15.819164 0.766746
15.823165 0.772752
15.827165 0.778636
15.831166 0.784397
15.835167 0.790034
15.839168 0.795546
15.843169 0.800932
15.847169 0.806192
15.851170 0.811324
15.855171 0.816329
15.859172 0.821204
15.863173 0.825950
15.867173 0.830565
15.871174 0.835049
15.875175 0.839401
15.879176 0.843620
15.883177 0.847707
15.887177 0.851659
15.891178 0.855477
15.895179 0.859159
15.899180 0.862706
15.903181 0.866117
15.907181 0.869390
15.911182 0.872527
15.915183 0.875525
15.919184 0.878385
15.923185 0.881107
15.927185 0.883689
15.931186 0.886132
15.935187 0.888435
15.939188 0.890597
15.943189 0.892619
15.947189 0.894499
15.951190 0.896239
15.955191 0.897836
15.959192 0.899292
15.963193 0.900606
15.967193 0.901778
15.971194 0.902807
15.975195 0.903693
15.979196 0.904437
15.983197 0.905038
15.987197 0.905496
15.991198 0.905811
15.995199 0.905982
15.999200 0.906011
16.003201 0.905897
16.007201 0.905639
16.011202 0.905238
16.015203 0.904695
16.019204 0.904008
16.023205 0.903179
16.027205 0.902206
16.031206 0.901092
16.035207 0.899835
16.039208 0.898436
16.043209 0.896895
16.047209 0.895212
16.051210 0.893388
16.055211 0.891423
16.059212 0.889316
16.063213 0.887070
16.067213 0.884683
16.071214 0.882157
16.075215 0.879491
16.079216 0.876686
16.083217 0.873743
16.087217 0.870661
16.091218 0.867442
16.095219 0.864087
16.099220 0.860594
16.103221 0.856966
16.107221 0.853202
16.111222 0.849304
16.115223 0.845271
16.119224 0.841105
16.123225 0.836806
16.127225 0.832374
16.131226 0.827812
16.135227 0.823118
16.139228 0.818294
16.143229 0.813342
16.147229 0.808260
16.151230 0.803051
16.155231 0.797715
16.159232 0.792254
16.163233 0.786666
16.167233 0.780955
16.171234 0.775120
16.175235 0.769163
16.179236 0.763085
16.183237 0.756885
16.187237 0.750567
16.191238 0.744129
16.195239 0.737574
16.199240 0.730903
16.203241 0.724116
16.207241 0.717215
16.211242 0.710200
16.215243 0.703073
16.219244 0.695836
16.223245 0.688488
16.227245 0.681031
16.231246 0.673467
16.235247 0.665797
16.239248 0.658021
16.243249 0.650141
16.247249 0.642159
16.251250 0.634075
16.255251 0.625891
16.259252 0.617609
16.263253 0.609228
16.267253 0.600752
16.271254 0.592180
16.275255 0.583515
16.279256 0.574758
16.283257 0.565910
16.287257 0.556972
16.291258 0.547947
16.295259 0.538835
16.299260 0.529638
16.303261 0.520357
16.307261 0.510994
16.311262 0.501550
16.315263 0.492027
16.319264 0.482426
16.323265 0.472749
16.327265 0.462998
16.331266 0.453173
16.335267 0.443277
16.339268 0.433310
16.343269 0.423276
16.347269 0.413174
16.351270 0.403007
16.355271 0.392776
16.359272 0.382484
16.363273 0.372131
16.367273 0.361719
16.371274 0.351250
16.375275 0.340725
16.379276 0.330147
16.383277 0.319517
16.387277 0.308836
16.391278 0.298106
16.395279 0.287329
16.399280 0.276507
16.403281 0.265641
16.407281 0.254733
16.411282 0.243785
16.415283 0.232798
16.419284 0.221775
16.423285 0.210717
16.427285 0.199625
16.431286 0.188502
16.435287 0.177349
16.439288 0.166167
16.443289 0.154960
16.447289 0.143728
16.451290 0.132474
16.455291 0.121199
16.459292 0.109904
16.463293 0.098592
16.467293 0.087265
16.471294 0.075923
16.475295 0.064570
16.479296 0.053207
16.483297 0.041835
16.487297 0.030456
16.491298 0.019073
16.495299 0.007687
16.499300 -0.003701
16.503301 -0.015088
16.507301 -0.026472
16.511302 -0.037853
16.515303 -0.049227
16.519304 -0.060594
16.523305 -0.071951
16.527305 -0.083297
16.531306 -0.094629
16.535307 -0.105947
16.539308 -0.117248
16.543309 -0.128530
16.547309 -0.139792
16.551310 -0.151032
16.555311 -0.162248
16.559312 -0.173438
16.563313 -0.184601
16.567313 -0.195735
16.571314 -0.206838
16.575315 -0.217908
16.579316 -0.228944
16.583317 -0.239944
16.587317 -0.250906
16.591318 -0.261828
16.595319 -0.272709
16.599320 -0.283546
16.603321 -0.294339
16.607321 -0.305086
16.611322 -0.315784
16.615323 -0.326432
16.619324 -0.337029
16.623325 -0.347573
16.627325 -0.358061
16.631326 -0.368493
16.635327 -0.378867
16.639328 -0.389181
16.643329 -0.399433
16.647329 -0.409623
16.651330 -0.419748
16.655331 -0.429806
16.659332 -0.439796
16.663333 -0.449717
16.667333 -0.459567
16.671334 -0.469345
16.675335 -0.479048
16.679336 -0.488676
16.683337 -0.498226
16.687337 -0.507698
16.691338 -0.517089
16.695339 -0.526399
16.699340 -0.535625
16.703341 -0.544767
16.707341 -0.553823
16.711342 -0.562792
16.715343 -0.571671
16.719344 -0.580460
16.723345 -0.589158
16.727345 -0.597762
16.731346 -0.606272
16.735347 -0.614686
16.739348 -0.623004
16.743349 -0.631222
16.747349 -0.639341
16.751350 -0.647359
16.755351 -0.655275
16.759352 -0.663087
16.763353 -0.670795
16.767353 -0.678396
16.771354 -0.685890
16.775355 -0.693276
16.779356 -0.700553
16.783357 -0.707719
16.787357 -0.714773
16.791358 -0.721714
16.795359 -0.728541
16.799360 -0.735253
16.803361 -0.741848
16.807361 -0.748327
16.811362 -0.754687
16.815363 -0.760929
16.819364 -0.767050
16.823365 -0.773049
16.827365 -0.778927
16.831366 -0.784682
16.835367 -0.790312
16.839368 -0.795818
16.843369 -0.801198
16.847369 -0.806452
16.851370 -0.811578
16.855371 -0.816576
16.859372 -0.821445
16.863373 -0.826184
16.867373 -0.830792
16.871374 -0.835270
16.875375 -0.839615
16.879376 -0.843828
16.883377 -0.847907
16.887377 -0.851853
16.891378 -0.855664
16.895379 -0.859340
16.899380 -0.862880
16.903381 -0.866283
16.907381 -0.869550
16.911382 -0.872680
16.915383 -0.875672
16.919384 -0.878525
16.923385 -0.881239
16.927385 -0.883815
16.931386 -0.886250
16.935387 -0.888546
16.939388 -0.890701
16.943389 -0.892716
16.947389 -0.894590
16.951390 -0.896322
16.955391 -0.897913
16.959392 -0.899361
16.963393 -0.900668
16.967393 -0.901833
16.971394 -0.902855
16.975395 -0.903734
16.979396 -0.904470
16.983397 -0.905064
16.987397 -0.905515
16.991398 -0.905823
16.995399 -0.905987
16.999400 -0.906009
17.003401 -0.905887
17.007401 -0.905622
17.011402 -0.905214
17.015403 -0.904664
17.019404 -0.903970
17.023405 -0.903133
17.027405 -0.902154
17.031406 -0.901032
17.035407 -0.899768
17.039408 -0.898362
17.043409 -0.896814
17.047409 -0.895124
17.051410 -0.893293
17.055411 -0.891321
17.059412 -0.889207
17.063413 -0.886954
17.067413 -0.884560
17.071414 -0.882027
17.075415 -0.879354
17.079416 -0.876542
17.083417 -0.873592
17.087417 -0.870504
17.091418 -0.867278
17.095419 -0.863915
17.099420 -0.860416
17.103421 -0.856781
17.107421 -0.853010
17.111422 -0.849105
17.115423 -0.845066
17.119424 -0.840893
17.123425 -0.836587
17.127425 -0.832149
17.131426 -0.827580
17.135427 -0.822880
17.139428 -0.818050
17.143429 -0.813091
17.147429 -0.808003
17.151430 -0.802788
17.155431 -0.797445
17.159432 -0.791977
17.163433 -0.786384
17.167433 -0.780666
17.171434 -0.774825
17.175435 -0.768862
17.179436 -0.762778
17.183437 -0.756572
17.187437 -0.750248
17.191438 -0.743804
17.195439 -0.737244
17.199440 -0.730566
17.203441 -0.723774
17.207441 -0.716867
17.211442 -0.709847
17.215443 -0.702714
17.219444 -0.695471
17.223445 -0.688118
17.227445 -0.680656
17.231446 -0.673086
17.235447 -0.665410
17.239448 -0.657630
17.243449 -0.649745
17.247449 -0.641757
17.251450 -0.633669
17.255451 -0.625480
17.259452 -0.617192
17.263453 -0.608807
17.267453 -0.600325
17.271454 -0.591749
17.275455 -0.583079
17.279456 -0.574317
17.283457 -0.565465
17.287457 -0.556523
17.291458 -0.547493
17.295459 -0.538377
17.299460 -0.529175
17.303461 -0.519890
17.307461 -0.510523
17.311462 -0.501076
17.315463 -0.491549
17.319464 -0.481944
17.323465 -0.472264
17.327465 -0.462508
17.331466 -0.452680
17.335467 -0.442780
17.339468 -0.432810
17.343469 -0.422772
17.347469 -0.412667
17.351470 -0.402497
17.355471 -0.392263
17.359472 -0.381968
17.363473 -0.371612
17.367473 -0.361197
17.371474 -0.350725
17.375475 -0.340198
17.379476 -0.329617
17.383477 -0.318984
17.387477 -0.308300
17.391478 -0.297568
17.395479 -0.286789
17.399480 -0.275965
17.403481 -0.265097
17.407481 -0.254187
17.411482 -0.243237
17.415483 -0.232248
17.419484 -0.221223
17.423485 -0.210163
17.427485 -0.199069
17.431486 -0.187945
17.435487 -0.176790
17.439488 -0.165608
17.443489 -0.154399
17.447489 -0.143166
17.451490 -0.131911
17.455491 -0.120634
17.459492 -0.109339
17.463493 -0.098026
17.467493 -0.086698
17.471494 -0.075356
17.475495 -0.064002
17.479496 -0.052638
17.483497 -0.041266
17.487497 -0.029887
17.491498 -0.018504
17.495499 -0.007117
17.499500 0.004270
17.503501 0.015657
17.507502 0.027042
17.511502 0.038422
17.515503 0.049796
17.519504 0.061162
17.523505 0.072518
17.527506 0.083864
17.531506 0.095195
17.535507 0.106512
17.539508 0.117812
17.543509 0.129093
17.547510 0.140354
17.551510 0.151593
17.555511 0.162808
17.559512 0.173997
17.563513 0.185159
17.567514 0.196291
17.571514 0.207392
17.575515 0.218461
17.579516 0.229495
17.583517 0.240493
17.587518 0.251453
17.591518 0.262373
17.595519 0.273252
17.599520 0.284087
17.603521 0.294878
17.607522 0.305622
17.611522 0.316318
17.615523 0.326963
17.619524 0.337557
17.623525 0.348098
17.627526 0.358584
17.631526 0.369013
17.635527 0.379384
17.639528 0.389695
17.643529 0.399944
17.647530 0.410131
17.651530 0.420252
17.655531 0.430307
17.659532 0.440294
17.663533 0.450212
17.667534 0.460058
17.671534 0.469832
17.675535 0.479531
17.679536 0.489155
17.683537 0.498701
17.687538 0.508169
17.691538 0.517556
17.695539 0.526862
17.699540 0.536084
17.703541 0.545222
17.707542 0.554274
17.711542 0.563238
17.715543 0.572113
17.719544 0.580897
17.723545 0.589590
17.727546 0.598190
17.731546 0.606695
17.735547 0.615105
17.739548 0.623417
17.743549 0.631631
17.747550 0.639745
17.751550 0.647757
17.755551 0.655668
17.759552 0.663475
17.763553 0.671177
17.767554 0.678773
17.771554 0.686262
17.775555 0.693643
17.779556 0.700914
17.783557 0.708074
17.787558 0.715122
17.791558 0.722058
17.795559 0.728879
17.799560 0.735585
17.803561 0.742175
17.807562 0.748648
17.811562 0.755002
17.815563 0.761237
17.819564 0.767352
17.823565 0.773346
17.827566 0.779218
17.831566 0.784966
17.835567 0.790591
17.839568 0.796090
17.843569 0.801464
17.847570 0.806711
17.851570 0.811831
17.855571 0.816822
17.859572 0.821685
17.863573 0.826417
17.867574 0.831019
17.871574 0.835490
17.875575 0.839829
17.879576 0.844035
17.883577 0.848108
17.887578 0.852047
17.891578 0.855851
17.895579 0.859520
17.899580 0.863053
17.903581 0.866450
17.907582 0.869710
17.911582 0.872833
17.915583 0.875817
17.919584 0.878664
17.923585 0.881371
17.927586 0.883940
17.931586 0.886368
17.935587 0.888657
17.939588 0.890805
17.943589 0.892813
17.947590 0.894680
17.951590 0.896405
17.955591 0.897988
17.959592 0.899430
17.963593 0.900730
17.967594 0.901887
17.971594 0.902902
17.975595 0.903774
17.979596 0.904504
17.983597 0.905090
17.987598 0.905534
17.991598 0.905834
17.995599 0.905992
17.999600 0.906006
18.003601 0.905877
18.007602 0.905605
18.011602 0.905190
18.015603 0.904632
18.019604 0.903931
18.023605 0.903088
18.027606 0.902101
18.031606 0.900973
18.035607 0.899701
18.039608 0.898288
18.043609 0.896733
18.047610 0.895036
18.051610 0.893198
18.055611 0.891218
18.059612 0.889098
18.063613 0.886837
18.067614 0.884437
18.071614 0.881896
18.075615 0.879216
18.079616 0.876398
18.083617 0.873441
18.087618 0.870346
18.091618 0.867113
18.095619 0.863743
18.099620 0.860237
18.103621 0.856596
18.107622 0.852818
18.111622 0.848906
18.115623 0.844860
18.119624 0.840681
18.123625 0.836368
18.127626 0.831924
18.131626 0.827348
18.135627 0.822642
18.139628 0.817805
18.143629 0.812839
18.147630 0.807745
18.151630 0.802523
18.155631 0.797175
18.159632 0.791700
18.163633 0.786101
18.167634 0.780377
18.171634 0.774530
18.175635 0.768561
18.179636 0.762470
18.183637 0.756259
18.187638 0.749928
18.191638 0.743479
18.195639 0.736912
18.199640 0.730229
18.203641 0.723431
18.207642 0.716518
18.211642 0.709493
18.215643 0.702355
18.219644 0.695106
18.223645 0.687747
18.227646 0.680280
18.231646 0.672705
18.235647 0.665024
18.239648 0.657238
18.243649 0.649348
18.247650 0.641355
18.251650 0.633261
18.255651 0.625068
18.259652 0.616775
18.263653 0.608385
18.267654 0.599899
18.271654 0.591318
18.275655 0.582643
18.279656 0.573877
18.283657 0.565020
18.287658 0.556074
18.291658 0.547039
18.295659 0.537919
18.299660 0.528713
18.303661 0.519424
18.307662 0.510053
18.311662 0.500601
18.315663 0.491070
18.319664 0.481462
18.323665 0.471778
18.327666 0.462019
18.331666 0.452187
18.335667 0.442283
18.339668 0.432310
18.343669 0.422268
18.347670 0.412160
18.351670 0.401987
18.355671 0.391750
18.359672 0.381451
18.363673 0.371092
18.367674 0.360674
18.371674 0.350200
18.375675 0.339670
18.379676 0.329086
18.383677 0.318451
18.387678 0.307765
18.391678 0.297030
18.395679 0.286249
18.399680 0.275422
18.403681 0.264552
18.407682 0.253640
18.411682 0.242688
18.415683 0.231698
18.419684 0.220671
18.423685 0.209609
18.427686 0.198514
18.431686 0.187388
18.435687 0.176232
18.439688 0.165048
18.443689 0.153838
18.447690 0.142604
18.451690 0.131347
18.455691 0.120070
18.459692 0.108774
18.463693 0.097460
18.467694 0.086131
18.471694 0.074788
18.475695 0.063434
18.479696 0.052070
18.483697 0.040697
18.487698 0.029318
18.491698 0.017934
18.495699 0.006548
18.499700 -0.004840
18.503701 -0.016227
18.507702 -0.027611
18.511702 -0.038991
18.515703 -0.050364
18.519704 -0.061730
18.523705 -0.073086
18.527706 -0.084430
18.531706 -0.095762
18.535707 -0.107078
18.539708 -0.118377
18.543709 -0.129657
18.547710 -0.140917
18.551710 -0.152154
18.555711 -0.163368
18.559712 -0.174556
18.563713 -0.185716
18.567714 -0.196847
18.571714 -0.207947
18.575715 -0.219014
18.579716 -0.230046
18.583717 -0.241042
18.587718 -0.252000
18.591718 -0.262918
18.595719 -0.273794
18.599720 -0.284628
18.603721 -0.295416
18.607722 -0.306158
18.611722 -0.316851
18.615723 -0.327494
18.619724 -0.338086
18.623725 -0.348624
18.627726 -0.359107
18.631726 -0.369533
18.635727 -0.379901
18.639728 -0.390209
18.643729 -0.400455
18.647730 -0.410638
18.651730 -0.420756
18.655731 -0.430808
18.659732 -0.440792
18.663733 -0.450706
18.667734 -0.460548
18.671734 -0.470318
18.675735 -0.480014
18.679736 -0.489634
18.683737 -0.499177
18.687738 -0.508640
18.691738 -0.518024
18.695739 -0.527325
18.699740 -0.536543
18.703741 -0.545677
18.707742 -0.554724
18.711742 -0.563684
18.715743 -0.572554
18.719744 -0.581334
18.723745 -0.590022
18.727746 -0.598617
18.731746 -0.607118
18.735747 -0.615523
18.739748 -0.623830
18.743749 -0.632039
18.747750 -0.640148
18.751750 -0.648155
18.755751 -0.656061
18.759752 -0.663863
18.763753 -0.671560
18.767754 -0.679150
18.771754 -0.686634
18.775755 -0.694009
18.779756 -0.701274
18.783757 -0.708429
18.787758 -0.715472
18.791758 -0.722401
18.795759 -0.729217
18.799760 -0.735917
18.803761 -0.742502
18.807762 -0.748968
18.811762 -0.755317
18.815763 -0.761546
18.819764 -0.767655
18.823765 -0.773643
18.827766 -0.779508
18.831766 -0.785250
18.835767 -0.790868
18.839768 -0.796362
18.843769 -0.801729
18.847770 -0.806970
18.851770 -0.812083
18.855771 -0.817068
18.859772 -0.821924
18.863773 -0.826650
18.867774 -0.831246
18.871774 -0.835710
18.875775 -0.840042
18.879776 -0.844242
18.883777 -0.848308
18.887778 -0.852240
18.891778 -0.856038
18.895779 -0.859700
18.899780 -0.863226
18.903781 -0.866616
18.907782 -0.869870
18.911782 -0.872985
18.915783 -0.875963
18.919784 -0.878803
18.923785 -0.881503
18.927786 -0.884065
18.931786 -0.886486
18.935787 -0.888768
18.939788 -0.890909
18.943789 -0.892910
18.947790 -0.894769
18.951790 -0.896487
18.955791 -0.898064
18.959792 -0.899498
18.963793 -0.900791
18.967794 -0.901941
18.971794 -0.902949
18.975795 -0.903814
18.979796 -0.904536
18.983797 -0.905116
18.987798 -0.905552
18.991798 -0.905846
18.995799 -0.905996
18.999800 -0.906003
19.003801 -0.905867
19.007802 -0.905588
19.011802 -0.905166
19.015803 -0.904601
19.019804 -0.903893
19.023805 -0.903042
19.027806 -0.902048
19.031806 -0.900912
19.035807 -0.899634
19.039808 -0.898214
19.043809 -0.896651
19.047810 -0.894947
19.051810 -0.893102
19.055811 -0.891116
19.059812 -0.888988
19.063813 -0.886721
19.067814 -0.884313
19.071814 -0.881766
19.075815 -0.879079
19.079816 -0.876253
19.083817 -0.873289
19.087818 -0.870187
19.091818 -0.866948
19.095819 -0.863571
19.099820 -0.860059
19.103821 -0.856410
19.107822 -0.852626
19.111822 -0.848707
19.115823 -0.844655
19.119824 -0.840468
19.123825 -0.836149
19.127826 -0.831698
19.131826 -0.827116
19.135827 -0.822403
19.139828 -0.817560
19.143829 -0.812588
19.147830 -0.807487
19.151830 -0.802259
19.155831 -0.796904
19.159832 -0.791423
19.163833 -0.785818
19.167834 -0.780088
19.171834 -0.774235
19.175835 -0.768259
19.179836 -0.762162
19.183837 -0.755945
19.187838 -0.749609
19.191838 -0.743154
19.195839 -0.736581
19.199840 -0.729892
19.203841 -0.723088
19.207842 -0.716170
19.211842 -0.709138
19.215843 -0.701995
19.219844 -0.694740
19.223845 -0.687376
19.227846 -0.679904
19.231846 -0.672323
19.235847 -0.664637
19.239848 -0.656846
19.243849 -0.648951
19.247850 -0.640953
19.251850 -0.632854
19.255851 -0.624655
19.259852 -0.616358
19.263853 -0.607963
19.267854 -0.599472
19.271854 -0.590886
19.275855 -0.582207
19.279856 -0.573436
19.283857 -0.564575
19.287858 -0.555624
19.291858 -0.546585
19.295859 -0.537460
19.299860 -0.528251
19.303861 -0.518957
19.307862 -0.509582
19.311862 -0.500127
19.315863 -0.490592
19.319864 -0.480980
19.323865 -0.471291
19.327866 -0.461529
19.331866 -0.451693
19.335867 -0.441786
19.339868 -0.431810
19.343869 -0.421765
19.347870 -0.411653
19.351870 -0.401476
19.355871 -0.391236
19.359872 -0.380935
19.363873 -0.370573
19.367874 -0.360152
19.371874 -0.349675
19.375875 -0.339142
19.379876 -0.328556
19.383877 -0.317918
19.387878 -0.307229
19.391878 -0.296492
19.395879 -0.285709
19.399880 -0.274880
19.403881 -0.264007
19.407882 -0.253093
19.411882 -0.242139
19.415883 -0.231147
19.419884 -0.220118
19.423885 -0.209055
19.427886 -0.197958
19.431886 -0.186830
19.435887 -0.175673
19.439888 -0.164488
19.443889 -0.153277
19.447890 -0.142042
19.451890 -0.130784
19.455891 -0.119506
19.459892 -0.108208
19.463893 -0.096894
19.467894 -0.085564
19.471894 -0.074221
19.475895 -0.062866
19.479896 -0.051501
19.483897 -0.040128
19.487898 -0.028749
19.491898 -0.017365
19.495899 -0.005978
19.499900 0.005409
19.503901 0.016796
19.507902 0.028180
19.511902 0.039559
19.515903 0.050933
19.519904 0.062298
19.523905 0.073654
19.527906 0.084997
19.531906 0.096328
19.535907 0.107643
19.539908 0.118941
19.543909 0.130220
19.547910 0.141479
19.551910 0.152716
19.555911 0.163928
19.559912 0.175115
19.563913 0.186273
19.567914 0.197403
19.571914 0.208501
19.575915 0.219566
19.579916 0.230597
19.583917 0.241591
19.587918 0.252547
19.591918 0.263463
19.595919 0.274337
19.599920 0.285168
19.603921 0.295954
19.607922 0.306694
19.611922 0.317384
19.615923 0.328025
19.619924 0.338614
19.623925 0.349149
19.627926 0.359630
19.631926 0.370053
19.635927 0.380418
19.639928 0.390723
19.643929 0.400966
19.647930 0.411146
19.651930 0.421261
19.655931 0.431309
19.659932 0.441289
19.663933 0.451200
19.667934 0.461039
19.671934 0.470805
19.675935 0.480497
19.679936 0.490113
19.683937 0.499652
19.687938 0.509111
19.691938 0.518491
19.695939 0.527788
19.699940 0.537002
19.703941 0.546131
19.707942 0.555174
19.711942 0.564129
19.715943 0.572995
19.719944 0.581771
19.723945 0.590454
19.727946 0.599045
19.731946 0.607541
19.735947 0.615940
19.739948 0.624243
19.743949 0.632447
19.747950 0.640550
19.751950 0.648553
19.755951 0.656453
19.759952 0.664250
19.763953 0.671942
19.767954 0.679527
19.771954 0.687005
19.775955 0.694375
19.779956 0.701635
19.783957 0.708784
19.787958 0.715821
19.791958 0.722745
19.795959 0.729555
19.799960 0.736249
19.803961 0.742828
19.807962 0.749289
19.811962 0.755631
19.815963 0.761854
19.819964 0.767957
19.823965 0.773939
19.827966 0.779798
19.831966 0.785534
19.835967 0.791146
19.839968 0.796633
19.843969 0.801994
19.847970 0.807229
19.851970 0.812336
19.855971 0.817314
19.859972 0.822164
19.863973 0.826883
19.867974 0.831472
19.871974 0.835930
19.875975 0.840256
19.879976 0.844448
19.883977 0.848508
19.887978 0.852433
19.891978 0.856224
19.895979 0.859879
19.899980 0.863399
19.903981 0.866782
19.907982 0.870029
19.911982 0.873137
19.915983 0.876108
19.919984 0.878941
19.923985 0.881635
19.927986 0.884189
19.931986 0.886604
19.935987 0.888878
19.939988 0.891013
19.943989 0.893006
19.947990 0.894858
19.951990 0.896569
19.955991 0.898139
19.959992 0.899566
19.963993 0.900852
19.967994 0.901995
19.971994 0.902996
19.975995 0.903853
19.979996 0.904569
19.983997 0.905141
19.987998 0.905570
19.991998 0.905856
19.995999 0.906000
20.000000 0.906000
