0.000000 0.999822
0.004001 0.998875
0.008002 0.997297
0.012002 0.995089
0.016003 0.992254
0.020004 0.988792
0.024005 0.984707
0.028006 0.980002
0.032006 0.974678
0.036007 0.968741
0.040008 0.962194
0.044009 0.955040
0.048010 0.947286
0.052010 0.938936
0.056011 0.929996
0.060012 0.920470
0.064013 0.910367
0.068014 0.899691
0.072014 0.888450
0.076015 0.876652
0.080016 0.864304
0.084017 0.851413
0.088018 0.837989
0.092018 0.824040
0.096019 0.809575
0.100020 0.794602
0.104021 0.779133
0.108022 0.763176
0.112022 0.746742
0.116023 0.729842
0.120024 0.712486
0.124025 0.694685
0.128026 0.676452
0.132026 0.657796
0.136027 0.638731
0.140028 0.619269
0.144029 0.599421
0.148030 0.579201
0.152030 0.558622
0.156031 0.537696
0.160032 0.516437
0.164033 0.494859
0.168034 0.472974
0.172034 0.450798
0.176035 0.428345
0.180036 0.405627
0.184037 0.382661
0.188038 0.359460
0.192038 0.336040
0.196039 0.312414
0.200040 0.288599
0.204041 0.264609
0.208042 0.240459
0.212042 0.216165
0.216043 0.191742
0.220044 0.167206
0.224045 0.142572
0.228046 0.117855
0.232046 0.093072
0.236047 0.068238
0.240048 0.043369
0.244049 0.018480
0.248050 -0.006412
0.252050 -0.031293
0.256051 -0.056146
0.260052 -0.080956
0.264053 -0.105707
0.268054 -0.130383
0.272054 -0.154969
0.276055 -0.179449
0.280056 -0.203809
0.284057 -0.228032
0.288058 -0.252103
0.292058 -0.276007
0.296059 -0.299730
0.300060 -0.323255
0.304061 -0.346569
0.308062 -0.369657
0.312062 -0.392504
0.316063 -0.415095
0.320064 -0.437418
0.324065 -0.459457
0.328066 -0.481198
0.332066 -0.502629
0.336067 -0.523736
0.340068 -0.544505
0.344069 -0.564924
0.348070 -0.584979
0.352070 -0.604658
0.356071 -0.623950
0.360072 -0.642841
0.364073 -0.661320
0.368074 -0.679375
0.372074 -0.696996
0.376075 -0.714170
0.380076 -0.730888
0.384077 -0.747139
0.388078 -0.762913
0.392078 -0.778200
0.396079 -0.792991
0.400080 -0.807276
0.404081 -0.821047
0.408082 -0.834294
0.412082 -0.847011
0.416083 -0.859188
0.420084 -0.870819
0.424085 -0.881896
0.428086 -0.892412
0.432086 -0.902362
0.436087 -0.911738
0.440088 -0.920535
0.444089 -0.928748
0.448090 -0.936372
0.452090 -0.943401
0.456091 -0.949833
0.460092 -0.955662
0.464093 -0.960886
0.468094 -0.965502
0.472094 -0.969506
0.476095 -0.972896
0.480096 -0.975671
0.484097 -0.977828
0.488098 -0.979367
0.492098 -0.980287
0.496099 -0.980588
0.500100 -0.980269
0.504101 -0.979330
0.508102 -0.977774
0.512102 -0.975600
0.516103 -0.972810
0.520104 -0.969407
0.524105 -0.965393
0.528106 -0.960770
0.532106 -0.955542
0.536107 -0.949712
0.540108 -0.943283
0.544109 -0.936261
0.548110 -0.928649
0.552110 -0.920454
0.556111 -0.911679
0.560112 -0.902331
0.564113 -0.892417
0.568114 -0.881941
0.572114 -0.870912
0.576115 -0.859336
0.580116 -0.847221
0.584117 -0.834575
0.588118 -0.821405
0.592118 -0.807721
0.596119 -0.793531
0.600120 -0.778844
0.604121 -0.763669
0.608122 -0.748018
0.612122 -0.731898
0.616123 -0.715321
0.620124 -0.698298
0.624125 -0.680838
0.628126 -0.662955
0.632126 -0.644658
0.636127 -0.625959
0.640128 -0.606872
0.644129 -0.587406
0.648130 -0.567576
0.652130 -0.547394
0.656131 -0.526872
0.660132 -0.506024
0.664133 -0.484863
0.668134 -0.463402
0.672134 -0.441655
0.676135 -0.419636
0.680136 -0.397359
0.684137 -0.374838
0.688138 -0.352088
0.692138 -0.329122
0.696139 -0.305955
0.700140 -0.282603
0.704141 -0.259079
0.708142 -0.235399
0.712142 -0.211578
0.716143 -0.187631
0.720144 -0.163573
0.724145 -0.139419
0.728146 -0.115184
0.732146 -0.090885
0.736147 -0.066536
0.740148 -0.042152
0.744149 -0.017750
0.748150 0.006656
0.752150 0.031050
0.756151 0.055417
0.760152 0.079741
0.764153 0.104007
0.768154 0.128200
0.772154 0.152304
0.776155 0.176304
0.780156 0.200185
0.784157 0.223932
0.788158 0.247531
0.792158 0.270965
0.796159 0.294221
0.800160 0.317284
0.804161 0.340139
0.808162 0.362771
0.812162 0.385168
0.816163 0.407314
0.820164 0.429196
0.824165 0.450800
0.828166 0.472112
0.832166 0.493119
0.836167 0.513809
0.840168 0.534167
0.844169 0.554181
0.848170 0.573839
0.852170 0.593128
0.856171 0.612036
0.860172 0.630552
0.864173 0.648663
0.868174 0.666359
0.872174 0.683629
0.876175 0.700461
0.880176 0.716846
0.884177 0.732772
0.888178 0.748230
0.892178 0.763211
0.896179 0.777706
0.900180 0.791704
0.904181 0.805198
0.908182 0.818178
0.912182 0.830638
0.916183 0.842570
0.920184 0.853965
0.924185 0.864817
0.928186 0.875119
0.932186 0.884866
0.936187 0.894050
0.940188 0.902667
0.944189 0.910710
0.948190 0.918176
0.952190 0.925060
0.956191 0.931357
0.960192 0.937063
0.964193 0.942176
0.968194 0.946692
0.972194 0.950609
0.976195 0.953924
0.980196 0.956635
0.984197 0.958741
0.988198 0.960241
0.992198 0.961134
0.996199 0.961419
1.000200 0.961097
1.004201 0.960168
1.008202 0.958633
1.012202 0.956492
1.016203 0.953748
1.020204 0.950403
1.024205 0.946458
1.028206 0.941916
1.032206 0.936781
1.036207 0.931056
1.040208 0.924744
1.044209 0.917850
1.048210 0.910379
1.052210 0.902335
1.056211 0.893723
1.060212 0.884550
1.064213 0.874821
1.068214 0.864542
1.072214 0.853720
1.076215 0.842363
1.080216 0.830476
1.084217 0.818069
1.088218 0.805150
1.092218 0.791725
1.096219 0.777805
1.100220 0.763398
1.104221 0.748513
1.108222 0.733160
1.112222 0.717348
1.116223 0.701089
1.120224 0.684392
1.124225 0.667267
1.128226 0.649727
1.132226 0.631782
1.136227 0.613443
1.140228 0.594723
1.144229 0.575632
1.148230 0.556185
1.152230 0.536392
1.156231 0.516266
1.160232 0.495821
1.164233 0.475069
1.168234 0.454023
1.172234 0.432697
1.176235 0.411105
1.180236 0.389260
1.184237 0.367175
1.188238 0.344866
1.192238 0.322346
1.196239 0.299629
1.200240 0.276731
1.204241 0.253664
1.208242 0.230445
1.212242 0.207088
1.216243 0.183607
1.220244 0.160018
1.224245 0.136334
1.228246 0.112573
1.232246 0.088747
1.236247 0.064874
1.240248 0.040966
1.244249 0.017041
1.248250 -0.006888
1.252250 -0.030805
1.256251 -0.054695
1.260252 -0.078543
1.264253 -0.102333
1.268254 -0.126052
1.272254 -0.149683
1.276255 -0.173213
1.280256 -0.196625
1.284257 -0.219906
1.288258 -0.243041
1.292258 -0.266015
1.296259 -0.288813
1.300260 -0.311422
1.304261 -0.333827
1.308262 -0.356014
1.312262 -0.377969
1.316263 -0.399679
1.320264 -0.421129
1.324265 -0.442306
1.328266 -0.463197
1.332266 -0.483789
1.336267 -0.504069
1.340268 -0.524024
1.344269 -0.543642
1.348270 -0.562910
1.352270 -0.581817
1.356271 -0.600350
1.360272 -0.618497
1.364273 -0.636249
1.368274 -0.653593
1.372274 -0.670518
1.376275 -0.687015
1.380276 -0.703072
1.384277 -0.718681
1.388278 -0.733830
1.392278 -0.748511
1.396279 -0.762714
1.400280 -0.776432
1.404281 -0.789654
1.408282 -0.802373
1.412282 -0.814582
1.416283 -0.826272
1.420284 -0.837437
1.424285 -0.848068
1.428286 -0.858161
1.432286 -0.867709
1.436287 -0.876705
1.440288 -0.885145
1.444289 -0.893023
1.448290 -0.900334
1.452290 -0.907075
1.456291 -0.913240
1.460292 -0.918826
1.464293 -0.923830
1.468294 -0.928249
1.472294 -0.932080
1.476295 -0.935321
1.480296 -0.937971
1.484297 -0.940027
1.488298 -0.941488
1.492298 -0.942355
1.496299 -0.942625
1.500300 -0.942300
1.504301 -0.941381
1.508302 -0.939866
1.512302 -0.937759
1.516303 -0.935059
1.520304 -0.931770
1.524305 -0.927894
1.528306 -0.923432
1.532306 -0.918388
1.536307 -0.912766
1.540308 -0.906570
1.544309 -0.899802
1.548310 -0.892468
1.552310 -0.884573
1.556311 -0.876121
1.560312 -0.867119
1.564313 -0.857571
1.568314 -0.847485
1.572314 -0.836867
1.576315 -0.825724
1.580316 -0.814062
1.584317 -0.801890
1.588318 -0.789215
1.592318 -0.776046
1.596319 -0.762390
1.600320 -0.748258
1.604321 -0.733657
1.608322 -0.718597
1.612322 -0.703088
1.616323 -0.687140
1.620324 -0.670762
1.624325 -0.653967
1.628326 -0.636763
1.632326 -0.619163
1.636327 -0.601177
1.640328 -0.582817
1.644329 -0.564094
1.648330 -0.545021
1.652330 -0.525610
1.656331 -0.505873
1.660332 -0.485823
1.664333 -0.465472
1.668334 -0.444834
1.672334 -0.423921
1.676335 -0.402746
1.680336 -0.381324
1.684337 -0.359668
1.688338 -0.337792
1.692338 -0.315709
1.696339 -0.293434
1.700340 -0.270980
1.704341 -0.248363
1.708342 -0.225595
1.712342 -0.202692
1.716343 -0.179669
1.720344 -0.156539
1.724345 -0.133318
1.728346 -0.110019
1.732346 -0.086659
1.736347 -0.063251
1.740348 -0.039811
1.744349 -0.016353
1.748350 0.007108
1.752350 0.030558
1.756351 0.053980
1.760352 0.077361
1.764353 0.100685
1.768354 0.123939
1.772354 0.147107
1.776355 0.170175
1.780356 0.193128
1.784357 0.215952
1.788358 0.238632
1.792358 0.261154
1.796359 0.283504
1.800360 0.305668
1.804361 0.327632
1.808362 0.349382
1.812362 0.370905
1.816363 0.392186
1.820364 0.413213
1.824365 0.433972
1.828366 0.454451
1.832366 0.474635
1.836367 0.494514
1.840368 0.514074
1.844369 0.533303
1.848370 0.552190
1.852370 0.570721
1.856371 0.588886
1.860372 0.606674
1.864373 0.624072
1.868374 0.641071
1.872374 0.657659
1.876375 0.673827
1.880376 0.689564
1.884377 0.704860
1.888378 0.719706
1.892378 0.734093
1.896379 0.748012
1.900380 0.761454
1.904381 0.774411
1.908382 0.786874
1.912382 0.798836
1.916383 0.810290
1.920384 0.821228
1.924385 0.831644
1.928386 0.841532
1.932386 0.850885
1.936387 0.859697
1.940388 0.867963
1.944389 0.875679
1.948390 0.882839
1.952390 0.889439
1.956391 0.895475
1.960392 0.900944
1.964393 0.905841
1.968394 0.910165
1.972394 0.913913
1.976395 0.917082
1.980396 0.919670
1.984397 0.921677
1.988398 0.923101
1.992398 0.923942
1.996399 0.924199
2.000400 0.923871
2.004401 0.922961
2.008402 0.921467
2.012402 0.919392
2.016403 0.916737
2.020404 0.913503
2.024405 0.909693
2.028406 0.905310
2.032406 0.900357
2.036407 0.894836
2.040408 0.888752
2.044409 0.882108
2.048410 0.874909
2.052410 0.867160
2.056411 0.858865
2.060412 0.850031
2.064413 0.840662
2.068414 0.830765
2.072414 0.820347
2.076415 0.809413
2.080416 0.797972
2.084417 0.786031
2.088418 0.773596
2.092418 0.760677
2.096419 0.747281
2.100420 0.733418
2.104421 0.719095
2.108422 0.704323
2.112422 0.689111
2.116423 0.673468
2.120424 0.657404
2.124425 0.640931
2.128426 0.624058
2.132426 0.606795
2.136427 0.589155
2.140428 0.571149
2.144429 0.552787
2.148430 0.534082
2.152430 0.515045
2.156431 0.495689
2.160432 0.476026
2.164433 0.456069
2.168434 0.435830
2.172434 0.415322
2.176435 0.394558
2.180436 0.373551
2.184437 0.352315
2.188438 0.330863
2.192438 0.309209
2.196439 0.287366
2.200440 0.265349
2.204441 0.243171
2.208442 0.220846
2.212442 0.198389
2.216443 0.175814
2.220444 0.153135
2.224445 0.130366
2.228446 0.107522
2.232446 0.084618
2.236447 0.061667
2.240448 0.038685
2.244449 0.015685
2.248450 -0.007317
2.252450 -0.030308
2.256451 -0.053272
2.260452 -0.076195
2.264453 -0.099063
2.268454 -0.121861
2.272454 -0.144575
2.276455 -0.167190
2.280456 -0.189692
2.284457 -0.212068
2.288458 -0.234302
2.292458 -0.256382
2.296459 -0.278293
2.300460 -0.300020
2.304461 -0.321552
2.308462 -0.342874
2.312462 -0.363972
2.316463 -0.384833
2.320464 -0.405445
2.324465 -0.425795
2.328466 -0.445869
2.332466 -0.465655
2.336467 -0.485140
2.340468 -0.504313
2.344469 -0.523161
2.348470 -0.541673
2.352470 -0.559837
2.356471 -0.577641
2.360472 -0.595075
2.364473 -0.612128
2.368474 -0.628788
2.372474 -0.645046
2.376475 -0.660892
2.380476 -0.676315
2.384477 -0.691305
2.388478 -0.705855
2.392478 -0.719954
2.396479 -0.733593
2.400480 -0.746765
2.404481 -0.759461
2.408482 -0.771673
2.412482 -0.783394
2.416483 -0.794617
2.420484 -0.805333
2.424485 -0.815538
2.428486 -0.825224
2.432486 -0.834386
2.436487 -0.843018
2.440488 -0.851115
2.444489 -0.858672
2.448490 -0.865683
2.452490 -0.872146
2.456491 -0.878056
2.460492 -0.883409
2.464493 -0.888202
2.468494 -0.892433
2.472494 -0.896099
2.476495 -0.899197
2.480496 -0.901727
2.484497 -0.903686
2.488498 -0.905074
2.492498 -0.905889
2.496499 -0.906132
2.500500 -0.905802
2.504501 -0.904901
2.508502 -0.903428
2.512503 -0.901385
2.516503 -0.898773
2.520504 -0.895594
2.524505 -0.891850
2.528506 -0.887544
2.532507 -0.882679
2.536507 -0.877258
2.540508 -0.871284
2.544509 -0.864762
2.548510 -0.857696
2.552511 -0.850090
2.556511 -0.841949
2.560512 -0.833280
2.564513 -0.824086
2.568514 -0.814375
2.572515 -0.804152
2.576515 -0.793425
2.580516 -0.782200
2.584517 -0.770485
2.588518 -0.758286
2.592519 -0.745612
2.596519 -0.732471
2.600520 -0.718872
2.604521 -0.704823
2.608522 -0.690333
2.612523 -0.675411
2.616523 -0.660068
2.620524 -0.644312
2.624525 -0.628155
2.628526 -0.611605
2.632527 -0.594675
2.636527 -0.577374
2.640528 -0.559714
2.644529 -0.541706
2.648530 -0.523362
2.652531 -0.504693
2.656531 -0.485710
2.660532 -0.466427
2.664533 -0.446856
2.668534 -0.427008
2.672535 -0.406897
2.676535 -0.386535
2.680536 -0.365935
2.684537 -0.345111
2.688538 -0.324076
2.692539 -0.302842
2.696539 -0.281423
2.700540 -0.259834
2.704541 -0.238087
2.708542 -0.216197
2.712543 -0.194177
2.716543 -0.172042
2.720544 -0.149805
2.724545 -0.127480
2.728546 -0.105081
2.732547 -0.082624
2.736547 -0.060121
2.740548 -0.037587
2.744549 -0.015037
2.748550 0.007516
2.752551 0.030056
2.756551 0.052571
2.760552 0.075045
2.764553 0.097465
2.768554 0.119816
2.772555 0.142085
2.776555 0.164256
2.780556 0.186317
2.784557 0.208253
2.788558 0.230051
2.792559 0.251697
2.796559 0.273176
2.800560 0.294477
2.804561 0.315584
2.808562 0.336486
2.812563 0.357168
2.816563 0.377618
2.820564 0.397824
2.824565 0.417771
2.828566 0.437449
2.832567 0.456843
2.836567 0.475943
2.840568 0.494737
2.844569 0.513212
2.848570 0.531357
2.852571 0.549160
2.856571 0.566611
2.860572 0.583699
2.864573 0.600412
2.868574 0.616741
2.872575 0.632675
2.876575 0.648205
2.880576 0.663320
2.884577 0.678011
2.888578 0.692269
2.892579 0.706086
2.896579 0.719452
2.900580 0.732359
2.904581 0.744800
2.908582 0.756766
2.912583 0.768251
2.916583 0.779246
2.920584 0.789746
2.924585 0.799744
2.928586 0.809233
2.932587 0.818208
2.936587 0.826663
2.940588 0.834594
2.944589 0.841995
2.948590 0.848861
2.952591 0.855189
2.956591 0.860975
2.960592 0.866215
2.964593 0.870907
2.968594 0.875047
2.972595 0.878632
2.976595 0.881662
2.980596 0.884133
2.984597 0.886046
2.988598 0.887398
2.992599 0.888189
2.996599 0.888418
3.000600 0.888087
3.004601 0.887194
3.008602 0.885742
3.012603 0.883730
3.016603 0.881161
3.020604 0.878036
3.024605 0.874357
3.028606 0.870127
3.032607 0.865348
3.036607 0.860025
3.040608 0.854160
3.044609 0.847757
3.048610 0.840821
3.052611 0.833356
3.056611 0.825366
3.060612 0.816858
3.064613 0.807837
3.068614 0.798308
3.072615 0.788278
3.076615 0.777753
3.080616 0.766740
3.084617 0.755246
3.088618 0.743279
3.092619 0.730845
3.096619 0.717955
3.100620 0.704614
3.104621 0.690833
3.108622 0.676620
3.112623 0.661984
3.116623 0.646934
3.120624 0.631481
3.124625 0.615633
3.128626 0.599401
3.132627 0.582796
3.136627 0.565829
3.140628 0.548509
3.144629 0.530847
3.148630 0.512857
3.152631 0.494548
3.156631 0.475932
3.160632 0.457021
3.164633 0.437828
3.168634 0.418365
3.172635 0.398643
3.176635 0.378675
3.180636 0.358475
3.184637 0.338055
3.188638 0.317427
3.192639 0.296605
3.196639 0.275603
3.200640 0.254433
3.204641 0.233110
3.208642 0.211645
3.212643 0.190054
3.216643 0.168350
3.220644 0.146546
3.224645 0.124656
3.228646 0.102694
3.232647 0.080675
3.236647 0.058612
3.240648 0.036518
3.244649 0.014409
3.248650 -0.007703
3.252651 -0.029803
3.256651 -0.051877
3.260652 -0.073911
3.264653 -0.095892
3.268654 -0.117805
3.272655 -0.139637
3.276655 -0.161374
3.280656 -0.183001
3.284657 -0.204507
3.288658 -0.225876
3.292659 -0.247096
3.296659 -0.268154
3.300660 -0.289035
3.304661 -0.309727
3.308662 -0.330217
3.312663 -0.350491
3.316663 -0.370538
3.320664 -0.390345
3.324665 -0.409899
3.328666 -0.429187
3.332667 -0.448199
3.336667 -0.466921
3.340668 -0.485342
3.344669 -0.503451
3.348670 -0.521236
3.352671 -0.538687
3.356671 -0.555791
3.360672 -0.572539
3.364673 -0.588921
3.368674 -0.604924
3.372675 -0.620541
3.376675 -0.635761
3.380676 -0.650574
3.384677 -0.664972
3.388678 -0.678945
3.392679 -0.692485
3.396679 -0.705583
3.400680 -0.718231
3.404681 -0.730422
3.408682 -0.742147
3.412683 -0.753400
3.416683 -0.764173
3.420684 -0.774460
3.424685 -0.784255
3.428686 -0.793551
3.432687 -0.802343
3.436687 -0.810625
3.440688 -0.818393
3.444689 -0.825641
3.448690 -0.832366
3.452691 -0.838562
3.456691 -0.844227
3.460692 -0.849357
3.464693 -0.853948
3.468694 -0.857999
3.472695 -0.861506
3.476695 -0.864468
3.480696 -0.866883
3.484697 -0.868750
3.488698 -0.870067
3.492699 -0.870834
3.496699 -0.871051
3.500700 -0.870718
3.504701 -0.869834
3.508702 -0.868402
3.512703 -0.866421
3.516703 -0.863894
3.520704 -0.860821
3.524705 -0.857206
3.528706 -0.853051
3.532707 -0.848358
3.536707 -0.843130
3.540708 -0.837372
3.544709 -0.831086
3.548710 -0.824278
3.552711 -0.816951
3.556711 -0.809110
3.560712 -0.800760
3.564713 -0.791908
3.568714 -0.782558
3.572715 -0.772716
3.576715 -0.762390
3.580716 -0.751585
3.584717 -0.740308
3.588718 -0.728568
3.592719 -0.716371
3.596719 -0.703726
3.600720 -0.690640
3.604721 -0.677121
3.608722 -0.663180
3.612723 -0.648823
3.616723 -0.634062
3.620724 -0.618904
3.624725 -0.603361
3.628726 -0.587441
3.632727 -0.571155
3.636727 -0.554513
3.640728 -0.537527
3.644729 -0.520206
3.648730 -0.502562
3.652731 -0.484606
3.656731 -0.466350
3.660732 -0.447805
3.664733 -0.428983
3.668734 -0.409896
3.672735 -0.390556
3.676735 -0.370975
3.680736 -0.351166
3.684737 -0.331142
3.688738 -0.310915
3.692739 -0.290497
3.696739 -0.269903
3.700740 -0.249145
3.704741 -0.228235
3.708742 -0.207189
3.712743 -0.186018
3.716743 -0.164736
3.720744 -0.143357
3.724745 -0.121894
3.728746 -0.100361
3.732747 -0.078771
3.736747 -0.057138
3.740748 -0.035476
3.744749 -0.013799
3.748750 0.007880
3.752751 0.029548
3.756751 0.051190
3.760752 0.072793
3.764753 0.094343
3.768754 0.115827
3.772755 0.137230
3.776755 0.158541
3.780756 0.179744
3.784757 0.200827
3.788758 0.221777
3.792759 0.242580
3.796759 0.263223
3.800760 0.283693
3.804761 0.303978
3.808762 0.324064
3.812763 0.343939
3.816763 0.363591
3.820764 0.383006
3.824765 0.402174
3.828766 0.421082
3.832767 0.439717
3.836767 0.458069
3.840768 0.476126
3.844769 0.493876
3.848770 0.511309
3.852771 0.528413
3.856771 0.545178
3.860772 0.561593
3.864773 0.577649
3.868774 0.593334
3.872775 0.608640
3.876775 0.623556
3.880776 0.638074
3.884777 0.652184
3.888778 0.665877
3.892779 0.679146
3.896779 0.691981
3.900780 0.704376
3.904781 0.716321
3.908782 0.727810
3.912783 0.738836
3.916783 0.749391
3.920784 0.759470
3.924785 0.769066
3.928786 0.778173
3.932787 0.786786
3.936787 0.794898
3.940788 0.802507
3.944789 0.809605
3.948790 0.816191
3.952791 0.822258
3.956791 0.827804
3.960792 0.832826
3.964793 0.837319
3.968794 0.841283
3.972795 0.844713
3.976795 0.847609
3.980796 0.849969
3.984797 0.851791
3.988798 0.853074
3.992799 0.853819
3.996799 0.854023
4.000800 0.853688
4.004801 0.852814
4.008802 0.851401
4.012803 0.849451
4.016803 0.846965
4.020804 0.843945
4.024805 0.840392
4.028806 0.836310
4.032807 0.831701
4.036807 0.826568
4.040808 0.820914
4.044809 0.814743
4.048810 0.808060
4.052811 0.800869
4.056811 0.793173
4.060812 0.784980
4.064813 0.776293
4.068814 0.767118
4.072815 0.757462
4.076815 0.747330
4.080816 0.736729
4.084817 0.725666
4.088818 0.714149
4.092819 0.702183
4.096819 0.689778
4.100820 0.676942
4.104821 0.663681
4.108822 0.650006
4.112823 0.635924
4.116823 0.621445
4.120824 0.606578
4.124825 0.591333
4.128826 0.575719
4.132827 0.559746
4.136827 0.543424
4.140828 0.526765
4.144829 0.509778
4.148830 0.492474
4.152831 0.474865
4.156831 0.456961
4.160832 0.438774
4.164833 0.420316
4.168834 0.401598
4.172835 0.382632
4.176835 0.363431
4.180836 0.344006
4.184837 0.324370
4.188838 0.304535
4.192839 0.284514
4.196839 0.264320
4.200840 0.243965
4.204841 0.223463
4.208842 0.202825
4.212843 0.182067
4.216843 0.161199
4.220844 0.140237
4.224845 0.119192
4.228846 0.098079
4.232847 0.076911
4.236847 0.055700
4.240848 0.034461
4.244849 0.013208
4.248850 -0.008048
4.252851 -0.029292
4.256851 -0.050510
4.260852 -0.071690
4.264853 -0.092818
4.268854 -0.113881
4.272855 -0.134865
4.276855 -0.155757
4.280856 -0.176544
4.284857 -0.197213
4.288858 -0.217751
4.292859 -0.238145
4.296859 -0.258382
4.300860 -0.278450
4.304861 -0.298335
4.308862 -0.318026
4.312863 -0.337509
4.316863 -0.356773
4.320864 -0.375806
4.324865 -0.394595
4.328866 -0.413129
4.332867 -0.431396
4.336867 -0.449385
4.340868 -0.467084
4.344869 -0.484483
4.348870 -0.501570
4.352871 -0.518335
4.356871 -0.534767
4.360872 -0.550856
4.364873 -0.566592
4.368874 -0.581965
4.372875 -0.596966
4.376875 -0.611585
4.380876 -0.625813
4.384877 -0.639641
4.388878 -0.653061
4.392879 -0.666064
4.396879 -0.678642
4.400880 -0.690787
4.404881 -0.702492
4.408882 -0.713750
4.412883 -0.724553
4.416883 -0.734895
4.420884 -0.744770
4.424885 -0.754171
4.428886 -0.763093
4.432887 -0.771530
4.436887 -0.779477
4.440888 -0.786928
4.444889 -0.793881
4.448890 -0.800330
4.452891 -0.806271
4.456891 -0.811701
4.460892 -0.816616
4.464893 -0.821014
4.468894 -0.824892
4.472895 -0.828248
4.476895 -0.831080
4.480896 -0.833385
4.484897 -0.835164
4.488898 -0.836414
4.492899 -0.837135
4.496899 -0.837328
4.500900 -0.836991
4.504901 -0.836126
4.508902 -0.834733
4.512903 -0.832813
4.516903 -0.830368
4.520904 -0.827399
4.524905 -0.823908
4.528906 -0.819897
4.532907 -0.815370
4.536907 -0.810330
4.540908 -0.804779
4.544909 -0.798722
4.548910 -0.792161
4.552911 -0.785103
4.556911 -0.777551
4.560912 -0.769510
4.564913 -0.760985
4.568914 -0.751983
4.572915 -0.742508
4.576915 -0.732567
4.580916 -0.722167
4.584917 -0.711314
4.588918 -0.700014
4.592919 -0.688276
4.596919 -0.676108
4.600920 -0.663515
4.604921 -0.650508
4.608922 -0.637094
4.612923 -0.623282
4.616923 -0.609080
4.620924 -0.594498
4.624925 -0.579545
4.628926 -0.564230
4.632927 -0.548565
4.636927 -0.532557
4.640928 -0.516218
4.644929 -0.499558
4.648930 -0.482588
4.652931 -0.465319
4.656931 -0.447761
4.660932 -0.429925
4.664933 -0.411824
4.668934 -0.393468
4.672935 -0.374870
4.676935 -0.356040
4.680936 -0.336992
4.684937 -0.317737
4.688938 -0.298287
4.692939 -0.278655
4.696939 -0.258853
4.700940 -0.238893
4.704941 -0.218789
4.708942 -0.198554
4.712943 -0.178199
4.716943 -0.157738
4.720944 -0.137184
4.724945 -0.116550
4.728946 -0.095848
4.732947 -0.075093
4.736947 -0.054297
4.740948 -0.033473
4.744949 -0.012634
4.748950 0.008206
4.752951 0.029034
4.756951 0.049837
4.760952 0.070603
4.764953 0.091317
4.768954 0.111966
4.772955 0.132539
4.776955 0.153021
4.780956 0.173401
4.784957 0.193664
4.788958 0.213798
4.792959 0.233791
4.796959 0.253631
4.800960 0.273303
4.804961 0.292797
4.808962 0.312100
4.812963 0.331199
4.816963 0.350083
4.820964 0.368740
4.824965 0.387158
4.828966 0.405326
4.832967 0.423232
4.836967 0.440865
4.840968 0.458214
4.844969 0.475268
4.848970 0.492016
4.852971 0.508449
4.856971 0.524555
4.860972 0.540324
4.864973 0.555747
4.868974 0.570815
4.872975 0.585517
4.876975 0.599844
4.880976 0.613788
4.884977 0.627340
4.888978 0.640491
4.892979 0.653233
4.896979 0.665559
4.900980 0.677461
4.904981 0.688930
4.908982 0.699961
4.912983 0.710547
4.916983 0.720680
4.920984 0.730355
4.924985 0.739565
4.928986 0.748305
4.932987 0.756570
4.936987 0.764354
4.940988 0.771653
4.944989 0.778462
4.948990 0.784777
4.952991 0.790594
4.956991 0.795910
4.960992 0.800722
4.964993 0.805027
4.968994 0.808821
4.972995 0.812103
4.976995 0.814872
4.980996 0.817125
4.984997 0.818860
4.988998 0.820078
4.992999 0.820778
4.996999 0.820959
5.001000 0.820621
5.005001 0.819765
5.009002 0.818391
5.013003 0.816501
5.017003 0.814096
5.021004 0.811177
5.025005 0.807746
5.029006 0.803807
5.033007 0.799361
5.037007 0.794411
5.041008 0.788961
5.045009 0.783015
5.049010 0.776575
5.053011 0.769648
5.057011 0.762236
5.061012 0.754345
5.065013 0.745980
5.069014 0.737146
5.073015 0.727850
5.077015 0.718096
5.081016 0.707892
5.085017 0.697245
5.089018 0.686160
5.093019 0.674645
5.097019 0.662707
5.101020 0.650355
5.105021 0.637596
5.109022 0.624438
5.113023 0.610890
5.117023 0.596960
5.121024 0.582658
5.125025 0.567991
5.129026 0.552971
5.133027 0.537606
5.137027 0.521907
5.141028 0.505883
5.145029 0.489544
5.149030 0.472901
5.153031 0.455964
5.157031 0.438745
5.161032 0.421255
5.165033 0.403503
5.169034 0.385503
5.173035 0.367264
5.177035 0.348799
5.181036 0.330120
5.185037 0.311238
5.189038 0.292166
5.193039 0.272915
5.197039 0.253498
5.201040 0.233926
5.205041 0.214213
5.209042 0.194371
5.213043 0.174413
5.217043 0.154350
5.221044 0.134197
5.225045 0.113965
5.229046 0.093667
5.233047 0.073317
5.237047 0.052926
5.241048 0.032509
5.245049 0.012078
5.249050 -0.008355
5.253051 -0.028775
5.257051 -0.049171
5.261052 -0.069530
5.265053 -0.089838
5.269054 -0.110084
5.273055 -0.130253
5.277055 -0.150333
5.281056 -0.170312
5.285057 -0.190178
5.289058 -0.209917
5.293059 -0.229517
5.297059 -0.248966
5.301060 -0.268251
5.305061 -0.287361
5.309062 -0.306284
5.313063 -0.325006
5.317063 -0.343518
5.321064 -0.361807
5.325065 -0.379862
5.329066 -0.397670
5.333067 -0.415222
5.337067 -0.432507
5.341068 -0.449512
5.345069 -0.466228
5.349070 -0.482645
5.353071 -0.498751
5.357071 -0.514537
5.361072 -0.529993
5.365073 -0.545110
5.369074 -0.559877
5.373075 -0.574286
5.377075 -0.588328
5.381076 -0.601994
5.385077 -0.615275
5.389078 -0.628163
5.393079 -0.640650
5.397079 -0.652729
5.401080 -0.664391
5.405081 -0.675630
5.409082 -0.686439
5.413083 -0.696811
5.417083 -0.706739
5.421084 -0.716218
5.425085 -0.725241
5.429086 -0.733803
5.433087 -0.741899
5.437087 -0.749524
5.441088 -0.756673
5.445089 -0.763342
5.449090 -0.769526
5.453091 -0.775222
5.457091 -0.780427
5.461092 -0.785137
5.465093 -0.789350
5.469094 -0.793063
5.473095 -0.796274
5.477095 -0.798980
5.481096 -0.801181
5.485097 -0.802875
5.489098 -0.804062
5.493099 -0.804740
5.497099 -0.804910
5.501100 -0.804571
5.505101 -0.803724
5.509102 -0.802369
5.513103 -0.800508
5.517103 -0.798142
5.521104 -0.795273
5.525105 -0.791902
5.529106 -0.788032
5.533107 -0.783665
5.537107 -0.778805
5.541108 -0.773454
5.545109 -0.767617
5.549110 -0.761296
5.553111 -0.754496
5.557111 -0.747222
5.561112 -0.739478
5.565113 -0.731270
5.569114 -0.722602
5.573115 -0.713480
5.577115 -0.703911
5.581116 -0.693900
5.585117 -0.683454
5.589118 -0.672579
5.593119 -0.661283
5.597119 -0.649573
5.601120 -0.637456
5.605121 -0.624940
5.609122 -0.612034
5.613123 -0.598745
5.617123 -0.585081
5.621124 -0.571053
5.625125 -0.556668
5.629126 -0.541936
5.633127 -0.526867
5.637127 -0.511469
5.641128 -0.495754
5.645129 -0.479730
5.649130 -0.463408
5.653131 -0.446798
5.657131 -0.429911
5.661132 -0.412759
5.665133 -0.395350
5.669134 -0.377698
5.673135 -0.359813
5.677135 -0.341706
5.681136 -0.323389
5.685137 -0.304873
5.689138 -0.286170
5.693139 -0.267293
5.697139 -0.248253
5.701140 -0.229062
5.705141 -0.209732
5.709142 -0.190276
5.713143 -0.170706
5.717143 -0.151035
5.721144 -0.131274
5.725145 -0.111436
5.729146 -0.091535
5.733147 -0.071581
5.737147 -0.051589
5.741148 -0.031571
5.745149 -0.011539
5.749150 0.008494
5.753151 0.028516
5.757151 0.048513
5.761152 0.068473
5.765153 0.088383
5.769154 0.108231
5.773155 0.128005
5.777155 0.147692
5.781156 0.167279
5.785157 0.186754
5.789158 0.206105
5.793159 0.225320
5.797159 0.244386
5.801160 0.263292
5.805161 0.282026
5.809162 0.300576
5.813163 0.318929
5.817163 0.337076
5.821164 0.355004
5.825165 0.372702
5.829166 0.390159
5.833167 0.407364
5.837167 0.424306
5.841168 0.440975
5.845169 0.457360
5.849170 0.473451
5.853171 0.489238
5.857171 0.504711
5.861172 0.519860
5.865173 0.534676
5.869174 0.549149
5.873175 0.563271
5.877175 0.577033
5.881176 0.590426
5.885177 0.603441
5.889178 0.616072
5.893179 0.628309
5.897179 0.640145
5.901180 0.651574
5.905181 0.662587
5.909182 0.673178
5.913183 0.683340
5.917183 0.693068
5.921184 0.702354
5.925185 0.711195
5.929186 0.719583
5.933187 0.727513
5.937187 0.734982
5.941188 0.741984
5.945189 0.748515
5.949190 0.754572
5.953191 0.760149
5.957191 0.765245
5.961192 0.769856
5.965193 0.773979
5.969194 0.777612
5.973195 0.780752
5.977195 0.783398
5.981196 0.785549
5.985197 0.787202
5.989198 0.788358
5.993199 0.789015
5.997199 0.789174
6.001200 0.788834
6.005201 0.787996
6.009202 0.786661
6.013203 0.784829
6.017203 0.782502
6.021204 0.779681
6.025205 0.776368
6.029206 0.772567
6.033207 0.768278
6.037207 0.763505
6.041208 0.758252
6.045209 0.752521
6.049210 0.746317
6.053211 0.739643
6.057211 0.732504
6.061212 0.724905
6.065213 0.716850
6.069214 0.708345
6.073215 0.699395
6.077215 0.690006
6.081216 0.680184
6.085217 0.669936
6.089218 0.659267
6.093219 0.648186
6.097219 0.636698
6.101220 0.624812
6.105221 0.612535
6.109222 0.599875
6.113223 0.586840
6.117223 0.573439
6.121224 0.559679
6.125225 0.545571
6.129226 0.531122
6.133227 0.516342
6.137227 0.501240
6.141228 0.485827
6.145229 0.470112
6.149230 0.454105
6.153231 0.437816
6.157231 0.421255
6.161232 0.404434
6.165233 0.387362
6.169234 0.370051
6.173235 0.352512
6.177235 0.334756
6.181236 0.316794
6.185237 0.298637
6.189238 0.280298
6.193239 0.261787
6.197239 0.243117
6.201240 0.224299
6.205241 0.205345
6.209242 0.186268
6.213243 0.167078
6.217243 0.147790
6.221244 0.128414
6.225245 0.108963
6.229246 0.089450
6.233247 0.069886
6.237247 0.050284
6.241248 0.030657
6.245249 0.011016
6.249250 -0.008625
6.253251 -0.028255
6.257251 -0.047861
6.261252 -0.067430
6.265253 -0.086950
6.269254 -0.106410
6.273255 -0.125796
6.277255 -0.145096
6.281256 -0.164299
6.285257 -0.183391
6.289258 -0.202362
6.293259 -0.221199
6.297259 -0.239891
6.301260 -0.258425
6.305261 -0.276790
6.309262 -0.294974
6.313263 -0.312966
6.317263 -0.330755
6.321264 -0.348329
6.325265 -0.365677
6.329266 -0.382789
6.333267 -0.399654
6.337267 -0.416261
6.341268 -0.432600
6.345269 -0.448661
6.349270 -0.464433
6.353271 -0.479906
6.357271 -0.495072
6.361272 -0.509920
6.365273 -0.524441
6.369274 -0.538627
6.373275 -0.552467
6.377275 -0.565955
6.381276 -0.579080
6.385277 -0.591836
6.389278 -0.604213
6.393279 -0.616205
6.397279 -0.627804
6.401280 -0.639003
6.405281 -0.649795
6.409282 -0.660173
6.413283 -0.670130
6.417283 -0.679661
6.421284 -0.688759
6.425285 -0.697420
6.429286 -0.705637
6.433287 -0.713406
6.437287 -0.720722
6.441288 -0.727580
6.445289 -0.733977
6.449290 -0.739908
6.453291 -0.745369
6.457291 -0.750358
6.461292 -0.754872
6.465293 -0.758907
6.469294 -0.762461
6.473295 -0.765533
6.477295 -0.768120
6.481296 -0.770221
6.485297 -0.771835
6.489298 -0.772961
6.493299 -0.773598
6.497299 -0.773746
6.501300 -0.773406
6.505301 -0.772577
6.509302 -0.771260
6.513303 -0.769456
6.517303 -0.767167
6.521304 -0.764394
6.525305 -0.761139
6.529306 -0.757405
6.533307 -0.753193
6.537307 -0.748506
6.541308 -0.743348
6.545309 -0.737722
6.549310 -0.731632
6.553311 -0.725082
6.557311 -0.718076
6.561312 -0.710618
6.565313 -0.702714
6.569314 -0.694369
6.573315 -0.685587
6.577315 -0.676375
6.581316 -0.666739
6.585317 -0.656685
6.589318 -0.646219
6.593319 -0.635348
6.597319 -0.624079
6.601320 -0.612419
6.605321 -0.600377
6.609322 -0.587959
6.613323 -0.575173
6.617323 -0.562028
6.621324 -0.548532
6.625325 -0.534694
6.629326 -0.520523
6.633327 -0.506027
6.637327 -0.491216
6.641328 -0.476099
6.645329 -0.460687
6.649330 -0.444988
6.653331 -0.429014
6.657331 -0.412773
6.661332 -0.396277
6.665333 -0.379535
6.669334 -0.362559
6.673335 -0.345360
6.677335 -0.327947
6.681336 -0.310333
6.685337 -0.292529
6.689338 -0.274545
6.693339 -0.256394
6.697339 -0.238086
6.701340 -0.219634
6.705341 -0.201049
6.709342 -0.182343
6.713343 -0.163527
6.717343 -0.144614
6.721344 -0.125616
6.725345 -0.106544
6.729346 -0.087411
6.733347 -0.068229
6.737347 -0.049010
6.741348 -0.029766
6.745349 -0.010509
6.749350 0.008748
6.753351 0.027994
6.757351 0.047216
6.761352 0.066402
6.765353 0.085540
6.769354 0.104618
6.773355 0.123624
6.777355 0.142545
6.781356 0.161371
6.785357 0.180089
6.789358 0.198687
6.793359 0.217154
6.797359 0.235478
6.801360 0.253647
6.805361 0.271650
6.809362 0.289476
6.813363 0.307113
6.817363 0.324551
6.821364 0.341779
6.825365 0.358785
6.829366 0.375559
6.833367 0.392090
6.837367 0.408369
6.841368 0.424384
6.845369 0.440127
6.849370 0.455586
6.853371 0.470753
6.857371 0.485617
6.861372 0.500170
6.865373 0.514403
6.869374 0.528306
6.873375 0.541871
6.877375 0.555089
6.881376 0.567952
6.885377 0.580453
6.889378 0.592583
6.893379 0.604335
6.897379 0.615701
6.901380 0.626675
6.905381 0.637250
6.909382 0.647418
6.913383 0.657175
6.917383 0.666513
6.921384 0.675427
6.925385 0.683912
6.929386 0.691962
6.933387 0.699573
6.937387 0.706739
6.941388 0.713456
6.945389 0.719721
6.949390 0.725529
6.953391 0.730876
6.957391 0.735761
6.961392 0.740179
6.965393 0.744128
6.969394 0.747606
6.973395 0.750610
6.977395 0.753140
6.981396 0.755193
6.985397 0.756768
6.989398 0.757864
6.993399 0.758482
6.997399 0.758620
7.001400 0.758279
7.005401 0.757458
7.009402 0.756160
7.013403 0.754385
7.017403 0.752133
7.021404 0.749407
7.025405 0.746209
7.029406 0.742540
7.033407 0.738403
7.037407 0.733801
7.041408 0.728737
7.045409 0.723215
7.049410 0.717237
7.053411 0.710808
7.057411 0.703932
7.061412 0.696613
7.065413 0.688857
7.069414 0.680668
7.073415 0.672052
7.077415 0.663014
7.081416 0.653560
7.085417 0.643696
7.089418 0.633428
7.093419 0.622764
7.097419 0.611709
7.101420 0.600272
7.105421 0.588459
7.109422 0.576278
7.113423 0.563737
7.117423 0.550844
7.121424 0.537607
7.125425 0.524034
7.129426 0.510135
7.133427 0.495918
7.137427 0.481392
7.141428 0.466566
7.145429 0.451451
7.149430 0.436055
7.153431 0.420388
7.157431 0.404461
7.161432 0.388284
7.165433 0.371866
7.169434 0.355218
7.173435 0.338352
7.177435 0.321277
7.181436 0.304004
7.185437 0.286545
7.189438 0.268910
7.193439 0.251111
7.197439 0.233159
7.201440 0.215066
7.205441 0.196842
7.209442 0.178500
7.213443 0.160051
7.217443 0.141506
7.221444 0.122878
7.225445 0.104178
7.229446 0.085418
7.233447 0.066611
7.237447 0.047767
7.241448 0.028899
7.245449 0.010018
7.249450 -0.008863
7.253451 -0.027732
7.257451 -0.046578
7.261452 -0.065388
7.265453 -0.084151
7.269454 -0.102855
7.273455 -0.121488
7.277455 -0.140039
7.281456 -0.158495
7.285457 -0.176845
7.289458 -0.195078
7.293459 -0.213182
7.297459 -0.231145
7.301460 -0.248957
7.305461 -0.266606
7.309462 -0.284080
7.313463 -0.301370
7.317463 -0.318464
7.321464 -0.335352
7.325465 -0.352022
7.329466 -0.368464
7.333467 -0.384669
7.337467 -0.400626
7.341468 -0.416324
7.345469 -0.431755
7.349470 -0.446907
7.353471 -0.461773
7.357471 -0.476343
7.361472 -0.490606
7.365473 -0.504556
7.369474 -0.518182
7.373475 -0.531477
7.377475 -0.544432
7.381476 -0.557038
7.385477 -0.569289
7.389478 -0.581177
7.393479 -0.592693
7.397479 -0.603831
7.401480 -0.614585
7.405481 -0.624947
7.409482 -0.634911
7.413483 -0.644470
7.417483 -0.653620
7.421484 -0.662353
7.425485 -0.670666
7.429486 -0.678552
7.433487 -0.686007
7.437487 -0.693027
7.441488 -0.699606
7.445489 -0.705741
7.449490 -0.711429
7.453491 -0.716665
7.457491 -0.721447
7.461492 -0.725772
7.465493 -0.729637
7.469494 -0.733040
7.473495 -0.735979
7.477495 -0.738451
7.481496 -0.740457
7.485497 -0.741994
7.489498 -0.743062
7.493499 -0.743661
7.497499 -0.743789
7.501500 -0.743447
7.505501 -0.742636
7.509502 -0.741356
7.513503 -0.739608
7.517504 -0.737394
7.521504 -0.734714
7.525505 -0.731571
7.529506 -0.727967
7.533507 -0.723904
7.537508 -0.719385
7.541508 -0.714414
7.545509 -0.708992
7.549510 -0.703124
7.553511 -0.696814
7.557512 -0.690066
7.561512 -0.682884
7.565513 -0.675273
7.569514 -0.667238
7.573515 -0.658784
7.577516 -0.649916
7.581516 -0.640641
7.585517 -0.630964
7.589518 -0.620891
7.593519 -0.610429
7.597520 -0.599585
7.601520 -0.588366
7.605521 -0.576778
7.609522 -0.564830
7.613523 -0.552529
7.617524 -0.539882
7.621524 -0.526899
7.625525 -0.513587
7.629526 -0.499954
7.633527 -0.486010
7.637528 -0.471764
7.641528 -0.457224
7.645529 -0.442400
7.649530 -0.427301
7.653531 -0.411936
7.657532 -0.396317
7.661532 -0.380452
7.665533 -0.364351
7.669534 -0.348026
7.673535 -0.331486
7.677536 -0.314742
7.681536 -0.297804
7.685537 -0.280683
7.689538 -0.263391
7.693539 -0.245938
7.697540 -0.228334
7.701540 -0.210592
7.705541 -0.192723
7.709542 -0.174738
7.713543 -0.156647
7.717544 -0.138464
7.721544 -0.120199
7.725545 -0.101864
7.729546 -0.083470
7.733547 -0.065029
7.737548 -0.046553
7.741548 -0.028054
7.745549 -0.009542
7.749550 0.008969
7.753551 0.027470
7.757552 0.045946
7.761552 0.064388
7.765553 0.082784
7.769554 0.101121
7.773555 0.119389
7.777556 0.137576
7.781556 0.155670
7.785557 0.173660
7.789558 0.191534
7.793559 0.209282
7.797560 0.226892
7.801560 0.244353
7.805561 0.261655
7.809562 0.278785
7.813563 0.295734
7.817564 0.312491
7.821564 0.329045
7.825565 0.345386
7.829566 0.361504
7.833567 0.377388
7.837568 0.393029
7.841568 0.408417
7.845569 0.423542
7.849570 0.438394
7.853571 0.452965
7.857572 0.467245
7.861572 0.481225
7.865573 0.494897
7.869574 0.508253
7.873575 0.521282
7.877576 0.533979
7.881576 0.546334
7.885577 0.558340
7.889578 0.569989
7.893579 0.581275
7.897580 0.592190
7.901580 0.602728
7.905581 0.612881
7.909582 0.622644
7.913583 0.632011
7.917584 0.640975
7.921584 0.649532
7.925585 0.657676
7.929586 0.665402
7.933587 0.672705
7.937588 0.679580
7.941588 0.686024
7.945589 0.692033
7.949590 0.697603
7.953591 0.702730
7.957592 0.707412
7.961592 0.711646
7.965593 0.715428
7.969594 0.718758
7.973595 0.721632
7.977596 0.724050
7.981596 0.726009
7.985597 0.727509
7.989598 0.728549
7.993599 0.729129
7.997600 0.729248
8.001600 0.728906
8.005601 0.728104
8.009602 0.726842
8.013603 0.725121
8.017604 0.722943
8.021604 0.720309
8.025605 0.717220
8.029606 0.713680
8.033607 0.709690
8.037608 0.705253
8.041608 0.700371
8.045609 0.695049
8.049610 0.689290
8.053611 0.683096
8.057612 0.676474
8.061612 0.669426
8.065613 0.661957
8.069614 0.654073
8.073615 0.645778
8.077616 0.637077
8.081616 0.627977
8.085617 0.618483
8.089618 0.608601
8.093619 0.598338
8.097620 0.587701
8.101620 0.576695
8.105621 0.565329
8.109622 0.553609
8.113623 0.541543
8.117624 0.529139
8.121624 0.516404
8.125625 0.503347
8.129626 0.489977
8.133627 0.476301
8.137628 0.462328
8.141628 0.448068
8.145629 0.433530
8.149630 0.418722
8.153631 0.403654
8.157632 0.388336
8.161632 0.372778
8.165633 0.356989
8.169634 0.340979
8.173635 0.324759
8.177636 0.308339
8.181636 0.291730
8.185637 0.274941
8.189638 0.257984
8.193639 0.240870
8.197640 0.223609
8.201640 0.206212
8.205641 0.188690
8.209642 0.171054
8.213643 0.153316
8.217644 0.135487
8.221644 0.117578
8.225645 0.099600
8.229646 0.081565
8.233647 0.063484
8.237648 0.045369
8.241648 0.027231
8.245649 0.009081
8.249650 -0.009069
8.253651 -0.027207
8.257652 -0.045322
8.261652 -0.063403
8.265653 -0.081438
8.269654 -0.099416
8.273655 -0.117326
8.277656 -0.135156
8.281656 -0.152894
8.285657 -0.170531
8.289658 -0.188054
8.293659 -0.205453
8.297660 -0.222717
8.301660 -0.239835
8.305661 -0.256795
8.309662 -0.273588
8.313663 -0.290203
8.317664 -0.306630
8.321664 -0.322857
8.325665 -0.338875
8.329666 -0.354675
8.333667 -0.370245
8.337668 -0.385576
8.341668 -0.400659
8.345669 -0.415485
8.349670 -0.430043
8.353671 -0.444324
8.357672 -0.458321
8.361672 -0.472024
8.365673 -0.485424
8.369674 -0.498513
8.373675 -0.511283
8.377676 -0.523726
8.381676 -0.535835
8.385677 -0.547601
8.389678 -0.559017
8.393679 -0.570077
8.397680 -0.580773
8.401680 -0.591099
8.405681 -0.601048
8.409682 -0.610615
8.413683 -0.619793
8.417684 -0.628576
8.421684 -0.636959
8.425685 -0.644938
8.429686 -0.652506
8.433687 -0.659660
8.437688 -0.666395
8.441688 -0.672707
8.445689 -0.678591
8.449690 -0.684046
8.453691 -0.689066
8.457692 -0.693650
8.461692 -0.697794
8.465693 -0.701496
8.469694 -0.704754
8.473695 -0.707565
8.477696 -0.709928
8.481696 -0.711843
8.485697 -0.713307
8.489698 -0.714320
8.493699 -0.714881
8.497700 -0.714991
8.501700 -0.714649
8.505701 -0.713856
8.509702 -0.712611
8.513703 -0.710918
8.517704 -0.708775
8.521704 -0.706186
8.525705 -0.703151
8.529706 -0.699673
8.533707 -0.695754
8.537708 -0.691397
8.541708 -0.686605
8.545709 -0.681380
8.549710 -0.675727
8.553711 -0.669648
8.557712 -0.663149
8.561712 -0.656232
8.565713 -0.648903
8.569714 -0.641167
8.573715 -0.633028
8.577716 -0.624492
8.581716 -0.615563
8.585717 -0.606249
8.589718 -0.596555
8.593719 -0.586487
8.597720 -0.576052
8.601720 -0.565256
8.605721 -0.554107
8.609722 -0.542611
8.613723 -0.530775
8.617724 -0.518609
8.621724 -0.506118
8.625725 -0.493312
8.629726 -0.480198
8.633727 -0.466785
8.637728 -0.453081
8.641728 -0.439096
8.645729 -0.424837
8.649730 -0.410315
8.653731 -0.395538
8.657732 -0.380516
8.661732 -0.365258
8.665733 -0.349774
8.669734 -0.334075
8.673735 -0.318169
8.677736 -0.302067
8.681736 -0.285779
8.685737 -0.269317
8.689738 -0.252689
8.693739 -0.235906
8.697740 -0.218981
8.701740 -0.201922
8.705741 -0.184741
8.709742 -0.167448
8.713743 -0.150055
8.717744 -0.132573
8.721744 -0.115013
8.725745 -0.097386
8.729746 -0.079703
8.733747 -0.061975
8.737748 -0.044213
8.741748 -0.026429
8.745749 -0.008634
8.749750 0.009161
8.753751 0.026944
8.757752 0.044705
8.761752 0.062432
8.765753 0.080113
8.769754 0.097739
8.773755 0.115298
8.777756 0.132778
8.781756 0.150168
8.785757 0.167458
8.789758 0.184637
8.793759 0.201694
8.797760 0.218618
8.801760 0.235399
8.805761 0.252026
8.809762 0.268488
8.813763 0.284775
8.817764 0.300878
8.821764 0.316785
8.825765 0.332487
8.829766 0.347974
8.833767 0.363237
8.837768 0.378265
8.841768 0.393049
8.845769 0.407581
8.849770 0.421850
8.853771 0.435849
8.857772 0.449567
8.861772 0.462998
8.865773 0.476131
8.869774 0.488960
8.873775 0.501476
8.877776 0.513671
8.881776 0.525538
8.885777 0.537069
8.889778 0.548257
8.893779 0.559095
8.897780 0.569576
8.901780 0.579695
8.905781 0.589444
8.909782 0.598818
8.913783 0.607810
8.917784 0.616416
8.921784 0.624629
8.925785 0.632446
8.929786 0.639860
8.933787 0.646868
8.937788 0.653465
8.941788 0.659647
8.945789 0.665411
8.949790 0.670752
8.953791 0.675668
8.957792 0.680155
8.961792 0.684212
8.965793 0.687835
8.969794 0.691022
8.973795 0.693772
8.977796 0.696083
8.981796 0.697953
8.985797 0.699382
8.989798 0.700368
8.993799 0.700912
8.997800 0.701013
9.001800 0.700671
9.005801 0.699886
9.009802 0.698660
9.013803 0.696992
9.017804 0.694885
9.021804 0.692340
9.025805 0.689358
9.029806 0.685941
9.033807 0.682093
9.037808 0.677814
9.041808 0.673109
9.045809 0.667980
9.049810 0.662431
9.053811 0.656465
9.057812 0.650086
9.061812 0.643299
9.065813 0.636107
9.069814 0.628516
9.073815 0.620530
9.077816 0.612155
9.081816 0.603395
9.085817 0.594257
9.089818 0.584747
9.093819 0.574871
9.097820 0.564634
9.101820 0.554044
9.105821 0.543107
9.109822 0.531831
9.113823 0.520222
9.117824 0.508288
9.121824 0.496037
9.125825 0.483477
9.129826 0.470615
9.133827 0.457459
9.137828 0.444019
9.141828 0.430303
9.145829 0.416319
9.149830 0.402077
9.153831 0.387585
9.157832 0.372853
9.161832 0.357890
9.165833 0.342706
9.169834 0.327310
9.173835 0.311712
9.177836 0.295922
9.181836 0.279950
9.185837 0.263807
9.189838 0.247501
9.193839 0.231045
9.197840 0.214448
9.201840 0.197720
9.205841 0.180874
9.209842 0.163918
9.213843 0.146864
9.217844 0.129722
9.221844 0.112504
9.225845 0.095220
9.229846 0.077882
9.233847 0.060500
9.237848 0.043085
9.241848 0.025649
9.245849 0.008201
9.249850 -0.009245
9.253851 -0.026681
9.257852 -0.044094
9.261852 -0.061474
9.265853 -0.078809
9.269854 -0.096090
9.273855 -0.113304
9.277856 -0.130441
9.281856 -0.147490
9.285857 -0.164441
9.289858 -0.181282
9.293859 -0.198004
9.297860 -0.214595
9.301860 -0.231045
9.305861 -0.247345
9.309862 -0.263483
9.313863 -0.279449
9.317864 -0.295234
9.321864 -0.310827
9.325865 -0.326219
9.329866 -0.341400
9.333867 -0.356361
9.337868 -0.371092
9.341868 -0.385583
9.345869 -0.399827
9.349870 -0.413814
9.353871 -0.427534
9.357872 -0.440981
9.361872 -0.454144
9.365873 -0.467017
9.369874 -0.479590
9.373875 -0.491856
9.377876 -0.503808
9.381876 -0.515438
9.385877 -0.526739
9.389878 -0.537703
9.393879 -0.548324
9.397880 -0.558595
9.401880 -0.568511
9.405881 -0.578064
9.409882 -0.587248
9.413883 -0.596059
9.417884 -0.604491
9.421884 -0.612538
9.425885 -0.620196
9.429886 -0.627459
9.433887 -0.634324
9.437888 -0.640786
9.441888 -0.646841
9.445889 -0.652486
9.449890 -0.657716
9.453891 -0.662530
9.457892 -0.666923
9.461892 -0.670894
9.465893 -0.674440
9.469894 -0.677558
9.473895 -0.680248
9.477896 -0.682507
9.481896 -0.684334
9.485897 -0.685728
9.489898 -0.686689
9.493899 -0.687215
9.497900 -0.687308
9.501900 -0.686966
9.505901 -0.686190
9.509902 -0.684981
9.513903 -0.683340
9.517904 -0.681267
9.521904 -0.678765
9.525905 -0.675835
9.529906 -0.672479
9.533907 -0.668699
9.537908 -0.664498
9.541908 -0.659878
9.545909 -0.654843
9.549910 -0.649396
9.553911 -0.643541
9.557912 -0.637281
9.561912 -0.630620
9.565913 -0.623563
9.569914 -0.616114
9.573915 -0.608279
9.577916 -0.600061
9.581916 -0.591467
9.585917 -0.582503
9.589918 -0.573173
9.593919 -0.563484
9.597920 -0.553442
9.601920 -0.543054
9.605921 -0.532326
9.609922 -0.521265
9.613923 -0.509878
9.617924 -0.498173
9.621924 -0.486157
9.625925 -0.473837
9.629926 -0.461222
9.633927 -0.448320
9.637928 -0.435138
9.641928 -0.421686
9.645929 -0.407972
9.649930 -0.394004
9.653931 -0.379792
9.657932 -0.365344
9.661932 -0.350670
9.665933 -0.335780
9.669934 -0.320682
9.673935 -0.305386
9.677936 -0.289902
9.681936 -0.274240
9.685937 -0.258409
9.689938 -0.242420
9.693939 -0.226283
9.697940 -0.210009
9.701940 -0.193606
9.705941 -0.177087
9.709942 -0.160461
9.713943 -0.143739
9.717944 -0.126931
9.721944 -0.110049
9.725945 -0.093102
9.729946 -0.076102
9.733947 -0.059059
9.737948 -0.041984
9.741948 -0.024889
9.745949 -0.007782
9.749950 0.009323
9.753951 0.026418
9.757952 0.043490
9.761952 0.060530
9.765953 0.077526
9.769954 0.094467
9.773955 0.111344
9.777956 0.128144
9.781956 0.144859
9.785957 0.161477
9.789958 0.177987
9.793959 0.194380
9.797960 0.210645
9.801960 0.226772
9.805961 0.242750
9.809962 0.258570
9.813963 0.274222
9.817964 0.289695
9.821964 0.304981
9.825965 0.320069
9.829966 0.334950
9.833967 0.349615
9.837968 0.364054
9.841968 0.378259
9.845969 0.392221
9.849970 0.405930
9.853971 0.419378
9.857972 0.432558
9.861972 0.445460
9.865973 0.458076
9.869974 0.470399
9.873975 0.482421
9.877976 0.494135
9.881976 0.505532
9.885977 0.516607
9.889978 0.527352
9.893979 0.537760
9.897980 0.547826
9.901980 0.557542
9.905981 0.566903
9.909982 0.575902
9.913983 0.584536
9.917984 0.592797
9.921984 0.600681
9.925985 0.608183
9.929986 0.615299
9.933987 0.622023
9.937988 0.628353
9.941988 0.634283
9.945989 0.639812
9.949990 0.644934
9.953991 0.649647
9.957992 0.653948
9.961992 0.657835
9.965993 0.661305
9.969994 0.664356
9.973995 0.666987
9.977996 0.669196
9.981996 0.670981
9.985997 0.672341
9.989998 0.673277
9.993999 0.673786
9.998000 0.673870
10.002000 0.673529
10.006001 0.672762
10.010002 0.671570
10.014003 0.669954
10.018004 0.667916
10.022004 0.665456
10.026005 0.662577
10.030006 0.659280
10.034007 0.655568
10.038008 0.651443
10.042008 0.646907
10.046009 0.641965
10.050010 0.636618
10.054011 0.630871
10.058012 0.624727
10.062012 0.618191
10.066013 0.611266
10.070014 0.603957
10.074015 0.596269
10.078016 0.588207
10.082016 0.579775
10.086017 0.570980
10.090018 0.561827
10.094019 0.552323
10.098020 0.542472
10.102020 0.532282
10.106021 0.521758
10.110022 0.510909
10.114023 0.499740
10.118024 0.488259
10.122024 0.476473
10.126025 0.464390
10.130026 0.452017
10.134027 0.439363
10.138028 0.426435
10.142028 0.413242
10.146029 0.399791
10.150030 0.386093
10.154031 0.372155
10.158032 0.357987
10.162032 0.343596
10.166033 0.328994
10.170034 0.314188
10.174035 0.299188
10.178036 0.284004
10.182036 0.268645
10.186037 0.253122
10.190038 0.237443
10.194039 0.221620
10.198040 0.205661
10.202040 0.189578
10.206041 0.173380
10.210042 0.157077
10.214043 0.140681
10.218044 0.124200
10.222044 0.107647
10.226045 0.091030
10.230046 0.074362
10.234047 0.057652
10.238048 0.040910
10.242048 0.024148
10.246049 0.007376
10.250050 -0.009395
10.254051 -0.026155
10.258052 -0.042893
10.262052 -0.059599
10.266053 -0.076262
10.270054 -0.092871
10.274055 -0.109417
10.278056 -0.125888
10.282056 -0.142275
10.286057 -0.158566
10.290058 -0.174752
10.294059 -0.190823
10.298060 -0.206768
10.302060 -0.222577
10.306061 -0.238241
10.310062 -0.253749
10.314063 -0.269092
10.318064 -0.284261
10.322064 -0.299245
10.326065 -0.314035
10.330066 -0.328622
10.334067 -0.342997
10.338068 -0.357150
10.342068 -0.371074
10.346069 -0.384759
10.350070 -0.398196
10.354071 -0.411378
10.358072 -0.424296
10.362072 -0.436941
10.366073 -0.449307
10.370074 -0.461384
10.374075 -0.473167
10.378076 -0.484647
10.382076 -0.495817
10.386077 -0.506670
10.390078 -0.517200
10.394079 -0.527400
10.398080 -0.537264
10.402080 -0.546785
10.406081 -0.555957
10.410082 -0.564776
10.414083 -0.573234
10.418084 -0.581329
10.422084 -0.589053
10.426085 -0.596403
10.430086 -0.603373
10.434087 -0.609961
10.438088 -0.616161
10.442088 -0.621970
10.446089 -0.627384
10.450090 -0.632400
10.454091 -0.637015
10.458092 -0.641226
10.462092 -0.645031
10.466093 -0.648427
10.470094 -0.651412
10.474095 -0.653985
10.478096 -0.656144
10.482096 -0.657888
10.486097 -0.659215
10.490098 -0.660126
10.494099 -0.660620
10.498100 -0.660696
10.502100 -0.660354
10.506101 -0.659596
10.510102 -0.658421
10.514103 -0.656831
10.518104 -0.654826
10.522104 -0.652409
10.526105 -0.649579
10.530106 -0.646341
10.534107 -0.642695
10.538108 -0.638644
10.542108 -0.634191
10.546109 -0.629339
10.550110 -0.624091
10.554111 -0.618451
10.558112 -0.612421
10.562112 -0.606007
10.566113 -0.599211
10.570114 -0.592040
10.574115 -0.584496
10.578116 -0.576586
10.582116 -0.568314
10.586117 -0.559686
10.590118 -0.550707
10.594119 -0.541382
10.598120 -0.531719
10.602120 -0.521723
10.606121 -0.511400
10.610122 -0.500758
10.614123 -0.489803
10.618124 -0.478542
10.622124 -0.466982
10.626125 -0.455130
10.630126 -0.442995
10.634127 -0.430584
10.638128 -0.417905
10.642128 -0.404966
10.646129 -0.391775
10.650130 -0.378341
10.654131 -0.364672
10.658132 -0.350777
10.662132 -0.336665
10.666133 -0.322344
10.670134 -0.307825
10.674135 -0.293115
10.678136 -0.278226
10.682136 -0.263165
10.686137 -0.247942
10.690138 -0.232568
10.694139 -0.217052
10.698140 -0.201403
10.702140 -0.185632
10.706141 -0.169749
10.710142 -0.153764
10.714143 -0.137687
10.718144 -0.121527
10.722144 -0.105296
10.726145 -0.089004
10.730146 -0.072661
10.734147 -0.056277
10.738148 -0.039862
10.742148 -0.023428
10.746149 -0.006983
10.750150 0.009460
10.754151 0.025892
10.758152 0.042303
10.762152 0.058681
10.766153 0.075018
10.770154 0.091302
10.774155 0.107523
10.778156 0.123671
10.782156 0.139736
10.786157 0.155707
10.790158 0.171575
10.794159 0.187330
10.798160 0.202961
10.802160 0.218460
10.806161 0.233815
10.810162 0.249018
10.814163 0.264058
10.818164 0.278928
10.822164 0.293616
10.826165 0.308114
10.830166 0.322413
10.834167 0.336504
10.838168 0.350377
10.842168 0.364025
10.846169 0.377439
10.850170 0.390610
10.854171 0.403530
10.858172 0.416191
10.862172 0.428585
10.866173 0.440705
10.870174 0.452542
10.874175 0.464090
10.878176 0.475341
10.882176 0.486288
10.886177 0.496925
10.890178 0.507244
10.894179 0.517239
10.898180 0.526905
10.902180 0.536235
10.906181 0.545223
10.910182 0.553864
10.914183 0.562152
10.918184 0.570082
10.922184 0.577650
10.926185 0.584851
10.930186 0.591679
10.934187 0.598132
10.938188 0.604205
10.942188 0.609895
10.946189 0.615197
10.950190 0.620109
10.954191 0.624628
10.958192 0.628751
10.962192 0.632475
10.966193 0.635799
10.970194 0.638719
10.974195 0.641236
10.978196 0.643347
10.982196 0.645050
10.986197 0.646346
10.990198 0.647233
10.994199 0.647710
10.998200 0.647779
11.002200 0.647438
11.006201 0.646688
11.010202 0.645530
11.014203 0.643965
11.018204 0.641993
11.022204 0.639616
11.026205 0.636837
11.030206 0.633655
11.034207 0.630075
11.038208 0.626097
11.042208 0.621725
11.046209 0.616962
11.050210 0.611811
11.054211 0.606275
11.058212 0.600357
11.062212 0.594063
11.066213 0.587395
11.070214 0.580357
11.074215 0.572956
11.078216 0.565195
11.082216 0.557079
11.086217 0.548615
11.090218 0.539806
11.094219 0.530659
11.098220 0.521179
11.102220 0.511374
11.106221 0.501248
11.110222 0.490809
11.114223 0.480063
11.118224 0.469018
11.122224 0.457680
11.126225 0.446056
11.130226 0.434154
11.134227 0.421981
11.138228 0.409546
11.142228 0.396856
11.146229 0.383919
11.150230 0.370744
11.154231 0.357339
11.158232 0.343712
11.162232 0.329873
11.166233 0.315829
11.170234 0.301591
11.174235 0.287166
11.178236 0.272565
11.182236 0.257796
11.186237 0.242869
11.190238 0.227793
11.194239 0.212578
11.198240 0.197233
11.202240 0.181769
11.206241 0.166195
11.210242 0.150520
11.214243 0.134756
11.218244 0.118912
11.222244 0.102997
11.226245 0.087022
11.230246 0.070998
11.234247 0.054933
11.238248 0.038839
11.242248 0.022726
11.246249 0.006603
11.250250 -0.009519
11.254251 -0.025630
11.258252 -0.041719
11.262252 -0.057777
11.266253 -0.073793
11.270254 -0.089758
11.274255 -0.105661
11.278256 -0.121492
11.282256 -0.137242
11.286257 -0.152900
11.290258 -0.168456
11.294259 -0.183901
11.298260 -0.199225
11.302260 -0.214418
11.306261 -0.229471
11.310262 -0.244374
11.314263 -0.259119
11.318264 -0.273694
11.322264 -0.288093
11.326265 -0.302305
11.330266 -0.316321
11.334267 -0.330133
11.338268 -0.343732
11.342268 -0.357110
11.346269 -0.370258
11.350270 -0.383168
11.354271 -0.395832
11.358272 -0.408241
11.362272 -0.420389
11.366273 -0.432268
11.370274 -0.443870
11.374275 -0.455187
11.378276 -0.466214
11.382276 -0.476942
11.386277 -0.487366
11.390278 -0.497479
11.394279 -0.507274
11.398280 -0.516746
11.402280 -0.525888
11.406281 -0.534696
11.410282 -0.543162
11.414283 -0.551283
11.418284 -0.559053
11.422284 -0.566468
11.426285 -0.573522
11.430286 -0.580212
11.434287 -0.586533
11.438288 -0.592482
11.442288 -0.598054
11.446289 -0.603247
11.450290 -0.608057
11.454291 -0.612482
11.458292 -0.616518
11.462292 -0.620164
11.466293 -0.623416
11.470294 -0.626274
11.474295 -0.628736
11.478296 -0.630799
11.482296 -0.632463
11.486297 -0.633727
11.490298 -0.634591
11.494299 -0.635053
11.498300 -0.635114
11.502300 -0.634774
11.506301 -0.634033
11.510302 -0.632891
11.514303 -0.631350
11.518304 -0.629411
11.522304 -0.627075
11.526305 -0.624344
11.530306 -0.621218
11.534307 -0.617702
11.538308 -0.613796
11.542308 -0.609504
11.546309 -0.604828
11.550310 -0.599772
11.554311 -0.594338
11.558312 -0.588531
11.562312 -0.582354
11.566313 -0.575811
11.570314 -0.568906
11.574315 -0.561644
11.578316 -0.554029
11.582316 -0.546067
11.586317 -0.537762
11.590318 -0.529120
11.594319 -0.520147
11.598320 -0.510848
11.602320 -0.501230
11.606321 -0.491297
11.610322 -0.481058
11.614323 -0.470518
11.618324 -0.459684
11.622324 -0.448563
11.626325 -0.437162
11.630326 -0.425488
11.634327 -0.413550
11.638328 -0.401354
11.642328 -0.388908
11.646329 -0.376221
11.650330 -0.363300
11.654331 -0.350153
11.658332 -0.336790
11.662332 -0.323218
11.666333 -0.309446
11.670334 -0.295483
11.674335 -0.281337
11.678336 -0.267019
11.682336 -0.252536
11.686337 -0.237898
11.690338 -0.223115
11.694339 -0.208195
11.698340 -0.193149
11.702340 -0.177985
11.706341 -0.162714
11.710342 -0.147345
11.714343 -0.131887
11.718344 -0.116351
11.722344 -0.100747
11.726345 -0.085084
11.730346 -0.069372
11.734347 -0.053621
11.738348 -0.037841
11.742348 -0.022042
11.746349 -0.006235
11.750350 0.009572
11.754351 0.025367
11.758352 0.041142
11.762352 0.056885
11.766353 0.072588
11.770354 0.088240
11.774355 0.103831
11.778356 0.119352
11.782356 0.134792
11.786357 0.150142
11.790358 0.165393
11.794359 0.180534
11.798360 0.195557
11.802360 0.210451
11.806361 0.225208
11.810362 0.239817
11.814363 0.254271
11.818364 0.268559
11.822364 0.282673
11.826365 0.296605
11.830366 0.310344
11.834367 0.323883
11.838368 0.337213
11.842368 0.350326
11.846369 0.363214
11.850370 0.375868
11.854371 0.388280
11.858372 0.400443
11.862372 0.412350
11.866373 0.423992
11.870374 0.435363
11.874375 0.446455
11.878376 0.457262
11.882376 0.467776
11.886377 0.477992
11.890378 0.487902
11.894379 0.497501
11.898380 0.506783
11.902380 0.515742
11.906381 0.524372
11.910382 0.532668
11.914383 0.540625
11.918384 0.548238
11.922384 0.555502
11.926385 0.562413
11.930386 0.568967
11.934387 0.575159
11.938388 0.580985
11.942388 0.586443
11.946389 0.591529
11.950390 0.596240
11.954391 0.600572
11.958392 0.604524
11.962392 0.608092
11.966393 0.611275
11.970394 0.614071
11.974395 0.616479
11.978396 0.618496
11.982396 0.620122
11.986397 0.621355
11.990398 0.622196
11.994399 0.622643
11.998400 0.622697
12.002400 0.622357
12.006401 0.621625
12.010402 0.620500
12.014403 0.618983
12.018404 0.617076
12.022404 0.614780
12.026405 0.612096
12.030406 0.609026
12.034407 0.605572
12.038408 0.601737
12.042408 0.597523
12.046409 0.592933
12.050410 0.587970
12.054411 0.582637
12.058412 0.576938
12.062412 0.570876
12.066413 0.564455
12.070414 0.557680
12.074415 0.550554
12.078416 0.543083
12.082416 0.535272
12.086417 0.527124
12.090418 0.518647
12.094419 0.509844
12.098420 0.500722
12.102420 0.491287
12.106421 0.481544
12.110422 0.471500
12.114423 0.461162
12.118424 0.450535
12.122424 0.439627
12.126425 0.428445
12.130426 0.416996
12.134427 0.405287
12.138428 0.393325
12.142428 0.381119
12.146429 0.368676
12.150430 0.356005
12.154431 0.343112
12.158432 0.330006
12.162432 0.316697
12.166433 0.303191
12.170434 0.289498
12.174435 0.275627
12.178436 0.261586
12.182436 0.247384
12.186437 0.233030
12.190438 0.218533
12.194439 0.203903
12.198440 0.189149
12.202440 0.174280
12.206441 0.159306
12.210442 0.144236
12.214443 0.129079
12.218444 0.113846
12.222444 0.098546
12.226445 0.083188
12.230446 0.067782
12.234447 0.052339
12.238448 0.036867
12.242448 0.021377
12.246449 0.005878
12.250450 -0.009619
12.254451 -0.025106
12.258452 -0.040571
12.262452 -0.056007
12.266453 -0.071402
12.270454 -0.086747
12.274455 -0.102032
12.278456 -0.117248
12.282456 -0.132386
12.286457 -0.147434
12.290458 -0.162385
12.294459 -0.177229
12.298460 -0.191956
12.302460 -0.206557
12.306461 -0.221023
12.310462 -0.235345
12.314463 -0.249514
12.318464 -0.263520
12.322464 -0.277356
12.326465 -0.291012
12.330466 -0.304480
12.334467 -0.317751
12.338468 -0.330817
12.342468 -0.343671
12.346469 -0.356303
12.350470 -0.368706
12.354471 -0.380872
12.358472 -0.392794
12.362472 -0.404464
12.366473 -0.415875
12.370474 -0.427019
12.374475 -0.437890
12.378476 -0.448481
12.382476 -0.458786
12.386477 -0.468797
12.390478 -0.478509
12.394479 -0.487916
12.398480 -0.497012
12.402480 -0.505790
12.406481 -0.514247
12.410482 -0.522376
12.414483 -0.530172
12.418484 -0.537631
12.422484 -0.544748
12.426485 -0.551519
12.430486 -0.557939
12.434487 -0.564005
12.438488 -0.569712
12.442488 -0.575058
12.446489 -0.580039
12.450490 -0.584651
12.454491 -0.588894
12.458492 -0.592762
12.462492 -0.596255
12.466493 -0.599371
12.470494 -0.602106
12.474495 -0.604461
12.478496 -0.606433
12.482496 -0.608021
12.486497 -0.609224
12.490498 -0.610043
12.494499 -0.610475
12.498500 -0.610522
12.502501 -0.610184
12.506501 -0.609460
12.510502 -0.608351
12.514503 -0.606858
12.518504 -0.604982
12.522505 -0.602725
12.526505 -0.600088
12.530506 -0.597072
12.534507 -0.593680
12.538508 -0.589915
12.542509 -0.585778
12.546509 -0.581272
12.550510 -0.576400
12.554511 -0.571166
12.558512 -0.565573
12.562513 -0.559624
12.566513 -0.553323
12.570514 -0.546675
12.574515 -0.539684
12.578516 -0.532354
12.582517 -0.524690
12.586517 -0.516697
12.590518 -0.508380
12.594519 -0.499745
12.598520 -0.490796
12.602521 -0.481541
12.606521 -0.471984
12.610522 -0.462132
12.614523 -0.451991
12.618524 -0.441568
12.622525 -0.430869
12.626525 -0.419902
12.630526 -0.408673
12.634527 -0.397189
12.638528 -0.385457
12.642529 -0.373486
12.646529 -0.361283
12.650530 -0.348856
12.654531 -0.336212
12.658532 -0.323360
12.662533 -0.310307
12.666533 -0.297063
12.670534 -0.283635
12.674535 -0.270032
12.678536 -0.256263
12.682537 -0.242336
12.686537 -0.228261
12.690538 -0.214045
12.694539 -0.199700
12.698540 -0.185232
12.702541 -0.170652
12.706541 -0.155969
12.710542 -0.141192
12.714543 -0.126331
12.718544 -0.111394
12.722545 -0.096392
12.726545 -0.081333
12.730546 -0.066228
12.734547 -0.051086
12.738548 -0.035917
12.742549 -0.020729
12.746549 -0.005534
12.750550 0.009661
12.754551 0.024845
12.758552 0.040008
12.762553 0.055141
12.766553 0.070234
12.770554 0.085278
12.774555 0.100264
12.778556 0.115182
12.782557 0.130022
12.786557 0.144775
12.790558 0.159432
12.794559 0.173984
12.798560 0.188421
12.802561 0.202735
12.806561 0.216916
12.810562 0.230956
12.814563 0.244845
12.818564 0.258575
12.822565 0.272138
12.826565 0.285524
12.830566 0.298726
12.834567 0.311735
12.838568 0.324543
12.842569 0.337142
12.846569 0.349524
12.850570 0.361681
12.854571 0.373606
12.858572 0.385291
12.862573 0.396729
12.866573 0.407913
12.870574 0.418835
12.874575 0.429490
12.878576 0.439870
12.882577 0.449968
12.886577 0.459780
12.890578 0.469297
12.894579 0.478516
12.898580 0.487429
12.902581 0.496031
12.906581 0.504318
12.910582 0.512283
12.914583 0.519922
12.918584 0.527230
12.922585 0.534203
12.926585 0.540836
12.930586 0.547125
12.934587 0.553067
12.938588 0.558657
12.942589 0.563893
12.946589 0.568771
12.950590 0.573289
12.954591 0.577442
12.958592 0.581230
12.962593 0.584649
12.966593 0.587698
12.970594 0.590374
12.974595 0.592677
12.978596 0.594604
12.982597 0.596156
12.986597 0.597330
12.990598 0.598127
12.994599 0.598545
12.998600 0.598586
13.002601 0.598248
13.006601 0.597532
13.010602 0.596439
13.014603 0.594970
13.018604 0.593125
13.022605 0.590907
13.026605 0.588315
13.030606 0.585353
13.034607 0.582022
13.038608 0.578325
13.042609 0.574263
13.046609 0.569840
13.050610 0.565058
13.054611 0.559921
13.058612 0.554431
13.062613 0.548593
13.066613 0.542411
13.070614 0.535888
13.074615 0.529028
13.078616 0.521836
13.082617 0.514317
13.086617 0.506476
13.090618 0.498317
13.094619 0.489845
13.098620 0.481067
13.102621 0.471988
13.106621 0.462614
13.110622 0.452950
13.114623 0.443003
13.118624 0.432780
13.122625 0.422286
13.126625 0.411529
13.130626 0.400515
13.134627 0.389252
13.138628 0.377747
13.142629 0.366006
13.146629 0.354038
13.150630 0.341850
13.154631 0.329451
13.158632 0.316846
13.162633 0.304046
13.166633 0.291058
13.170634 0.277890
13.174635 0.264550
13.178636 0.251048
13.182637 0.237391
13.186637 0.223589
13.190638 0.209649
13.194639 0.195582
13.198640 0.181396
13.202641 0.167099
13.206641 0.152702
13.210642 0.138212
13.214643 0.123640
13.218644 0.108995
13.222645 0.094285
13.226645 0.079520
13.230646 0.064709
13.234647 0.049863
13.238648 0.034989
13.242649 0.020099
13.246649 0.005200
13.250650 -0.009697
13.254651 -0.024584
13.258652 -0.039450
13.262653 -0.054287
13.266653 -0.069085
13.270654 -0.083834
13.274655 -0.098526
13.278656 -0.113151
13.282657 -0.127700
13.286657 -0.142163
13.290658 -0.156532
13.294659 -0.170798
13.298660 -0.184951
13.302661 -0.198983
13.306661 -0.212885
13.310662 -0.226648
13.314663 -0.240264
13.318664 -0.253723
13.322665 -0.267018
13.326665 -0.280140
13.330666 -0.293081
13.334667 -0.305833
13.338668 -0.318387
13.342669 -0.330737
13.346669 -0.342873
13.350670 -0.354789
13.354671 -0.366478
13.358672 -0.377931
13.362673 -0.389141
13.366673 -0.400103
13.370674 -0.410808
13.374675 -0.421250
13.378676 -0.431423
13.382677 -0.441320
13.386677 -0.450935
13.390678 -0.460263
13.394679 -0.469296
13.398680 -0.478031
13.402681 -0.486460
13.406681 -0.494580
13.410682 -0.502384
13.414683 -0.509869
13.418684 -0.517030
13.422685 -0.523861
13.426685 -0.530359
13.430686 -0.536521
13.434687 -0.542341
13.438688 -0.547817
13.442689 -0.552945
13.446689 -0.557723
13.450690 -0.562146
13.454691 -0.566213
13.458692 -0.569921
13.462693 -0.573268
13.466693 -0.576252
13.470694 -0.578870
13.474695 -0.581123
13.478696 -0.583007
13.482697 -0.584523
13.486697 -0.585668
13.490698 -0.586444
13.494699 -0.586849
13.498700 -0.586883
13.502701 -0.586546
13.506701 -0.585838
13.510702 -0.584761
13.514703 -0.583315
13.518704 -0.581501
13.522705 -0.579320
13.526705 -0.576774
13.530706 -0.573864
13.534707 -0.570593
13.538708 -0.566962
13.542709 -0.562974
13.546709 -0.558632
13.550710 -0.553939
13.554711 -0.548897
13.558712 -0.543509
13.562713 -0.537780
13.566713 -0.531714
13.570714 -0.525313
13.574715 -0.518582
13.578716 -0.511526
13.582717 -0.504150
13.586717 -0.496456
13.590718 -0.488452
13.594719 -0.480142
13.598720 -0.471531
13.602721 -0.462625
13.606721 -0.453429
13.610722 -0.443950
13.614723 -0.434194
13.618724 -0.424166
13.622725 -0.413874
13.626725 -0.403323
13.630726 -0.392521
13.634727 -0.381474
13.638728 -0.370190
13.642729 -0.358676
13.646729 -0.346938
13.650730 -0.334986
13.654731 -0.322825
13.658732 -0.310464
13.662733 -0.297911
13.666733 -0.285174
13.670734 -0.272261
13.674735 -0.259180
13.678736 -0.245939
13.682737 -0.232547
13.686737 -0.219012
13.690738 -0.205344
13.694739 -0.191549
13.698740 -0.177639
13.702741 -0.163620
13.706741 -0.149503
13.710742 -0.135295
13.714743 -0.121007
13.718744 -0.106646
13.722745 -0.092223
13.726745 -0.077746
13.730746 -0.063225
13.734747 -0.048668
13.738748 -0.034085
13.742749 -0.019485
13.746749 -0.004877
13.750750 0.009729
13.754751 0.024324
13.758752 0.038899
13.762753 0.053446
13.766753 0.067953
13.770754 0.082414
13.774755 0.096817
13.778756 0.111155
13.782757 0.125418
13.786757 0.139598
13.790758 0.153685
13.794759 0.167670
13.798760 0.181545
13.802761 0.195301
13.806761 0.208929
13.810762 0.222421
13.814763 0.235768
13.818764 0.248962
13.822765 0.261995
13.826765 0.274857
13.830766 0.287543
13.834767 0.300042
13.838768 0.312348
13.842769 0.324453
13.846769 0.336349
13.850770 0.348029
13.854771 0.359486
13.858772 0.370711
13.862773 0.381699
13.866773 0.392442
13.870774 0.402934
13.874775 0.413169
13.878776 0.423139
13.882777 0.432838
13.886777 0.442261
13.890778 0.451402
13.894779 0.460254
13.898780 0.468813
13.902781 0.477074
13.906781 0.485030
13.910782 0.492677
13.914783 0.500011
13.918784 0.507027
13.922785 0.513720
13.926785 0.520086
13.930786 0.526122
13.934787 0.531823
13.938788 0.537187
13.942789 0.542210
13.946789 0.546889
13.950790 0.551221
13.954791 0.555203
13.958792 0.558833
13.962793 0.562109
13.966793 0.565029
13.970794 0.567591
13.974795 0.569794
13.978796 0.571636
13.982797 0.573116
13.986797 0.574234
13.990798 0.574989
13.994799 0.575380
13.998800 0.575408
14.002801 0.575072
14.006801 0.574373
14.010802 0.573312
14.014803 0.571888
14.018804 0.570104
14.022805 0.567961
14.026805 0.565459
14.030806 0.562601
14.034807 0.559388
14.038808 0.555823
14.042809 0.551908
14.046809 0.547645
14.050810 0.543038
14.054811 0.538089
14.058812 0.532802
14.062813 0.527181
14.066813 0.521227
14.070814 0.514947
14.074815 0.508343
14.078816 0.501420
14.082817 0.494183
14.086817 0.486635
14.090818 0.478783
14.094819 0.470631
14.098820 0.462184
14.102821 0.453447
14.106821 0.444427
14.110822 0.435129
14.114823 0.425560
14.118824 0.415724
14.122825 0.405629
14.126825 0.395281
14.130826 0.384686
14.134827 0.373852
14.138828 0.362785
14.142829 0.351492
14.146829 0.339981
14.150830 0.328259
14.154831 0.316333
14.158832 0.304211
14.162833 0.291900
14.166833 0.279409
14.170834 0.266746
14.174835 0.253918
14.178836 0.240934
14.182837 0.227801
14.186837 0.214529
14.190838 0.201126
14.194839 0.187600
14.198840 0.173959
14.202841 0.160213
14.206841 0.146370
14.210842 0.132439
14.214843 0.118429
14.218844 0.104348
14.222845 0.090206
14.226845 0.076011
14.230846 0.061773
14.234847 0.047500
14.238848 0.033202
14.242849 0.018888
14.246849 0.004565
14.250850 -0.009755
14.254851 -0.024065
14.258852 -0.038355
14.262853 -0.052616
14.266853 -0.066839
14.270854 -0.081016
14.274855 -0.095137
14.278856 -0.109194
14.282857 -0.123177
14.286857 -0.137078
14.290858 -0.150888
14.294859 -0.164598
14.298860 -0.178200
14.302861 -0.191685
14.306861 -0.205045
14.310862 -0.218271
14.314863 -0.231354
14.318864 -0.244288
14.322865 -0.257063
14.326865 -0.269672
14.330866 -0.282106
14.334867 -0.294358
14.338868 -0.306420
14.342869 -0.318285
14.346869 -0.329945
14.350870 -0.341393
14.354871 -0.352622
14.358872 -0.363624
14.362873 -0.374393
14.366873 -0.384922
14.370874 -0.395204
14.374875 -0.405234
14.378876 -0.415004
14.382877 -0.424509
14.386877 -0.433743
14.390878 -0.442699
14.394879 -0.451373
14.398880 -0.459759
14.402881 -0.467852
14.406881 -0.475647
14.410882 -0.483138
14.414883 -0.490322
14.418884 -0.497194
14.422885 -0.503749
14.426885 -0.509983
14.430886 -0.515894
14.434887 -0.521476
14.438888 -0.526727
14.442889 -0.531643
14.446889 -0.536221
14.450890 -0.540459
14.454891 -0.544354
14.458892 -0.547903
14.462893 -0.551104
14.466893 -0.553956
14.470894 -0.556456
14.474895 -0.558604
14.478896 -0.560397
14.482897 -0.561836
14.486897 -0.562918
14.490898 -0.563643
14.494899 -0.564011
14.498900 -0.564022
14.502901 -0.563676
14.506901 -0.562973
14.510902 -0.561913
14.514903 -0.560497
14.518904 -0.558727
14.522905 -0.556602
14.526905 -0.554126
14.530906 -0.551298
14.534907 -0.548122
14.538908 -0.544598
14.542909 -0.540729
14.546909 -0.536518
14.550910 -0.531967
14.554911 -0.527080
14.558912 -0.521858
14.562913 -0.516305
14.566913 -0.510425
14.570914 -0.504222
14.574915 -0.497699
14.578916 -0.490859
14.582917 -0.483709
14.586917 -0.476250
14.590918 -0.468489
14.594919 -0.460431
14.598920 -0.452079
14.602921 -0.443439
14.606921 -0.434516
14.610922 -0.425315
14.614923 -0.415843
14.618924 -0.406105
14.622925 -0.396106
14.626925 -0.385854
14.630926 -0.375352
14.634927 -0.364609
14.638928 -0.353631
14.642929 -0.342423
14.646929 -0.330993
14.650930 -0.319348
14.654931 -0.307493
14.658932 -0.295437
14.662933 -0.283186
14.666933 -0.270748
14.670934 -0.258129
14.674935 -0.245337
14.678936 -0.232379
14.682937 -0.219263
14.686937 -0.205997
14.690938 -0.192587
14.694939 -0.179042
14.698940 -0.165370
14.702941 -0.151577
14.706941 -0.137673
14.710942 -0.123663
14.714943 -0.109558
14.718944 -0.095363
14.722945 -0.081088
14.726945 -0.066740
14.730946 -0.052326
14.734947 -0.037856
14.738948 -0.023336
14.742949 -0.008774
14.746949 0.005821
14.750950 0.020442
14.754951 0.035082
14.758952 0.049731
14.762953 0.064384
14.766953 0.079032
14.770954 0.093667
14.774955 0.108282
14.778956 0.122870
14.782957 0.137424
14.786957 0.151935
14.790958 0.166397
14.794959 0.180802
14.798960 0.195144
14.802961 0.209415
14.806961 0.223609
14.810962 0.237719
14.814963 0.251739
14.818964 0.265661
14.822965 0.279479
14.826965 0.293187
14.830966 0.306779
14.834967 0.320249
14.838968 0.333591
14.842969 0.346798
14.846969 0.359866
14.850970 0.372789
14.854971 0.385561
14.858972 0.398177
14.862973 0.410632
14.866973 0.422921
14.870974 0.435040
14.874975 0.446983
14.878976 0.458746
14.882977 0.470325
14.886977 0.481716
14.890978 0.492913
14.894979 0.503915
14.898980 0.514716
14.902981 0.525314
14.906981 0.535705
14.910982 0.545885
14.914983 0.555852
14.918984 0.565602
14.922985 0.575133
14.926985 0.584443
14.930986 0.593528
14.934987 0.602386
14.938988 0.611016
14.942989 0.619415
14.946989 0.627582
14.950990 0.635514
14.954991 0.643210
14.958992 0.650669
14.962993 0.657889
14.966993 0.664870
14.970994 0.671610
14.974995 0.678109
14.978996 0.684366
14.982997 0.690380
14.986997 0.696151
14.990998 0.701679
14.994999 0.706963
14.999000 0.712003
15.003001 0.716800
15.007001 0.721354
15.011002 0.725665
15.015003 0.729733
15.019004 0.733559
15.023005 0.737144
15.027005 0.740488
15.031006 0.743592
15.035007 0.746458
15.039008 0.749085
15.043009 0.751476
15.047009 0.753632
15.051010 0.755553
15.055011 0.757242
15.059012 0.758699
15.063013 0.759927
15.067013 0.760926
15.071014 0.761699
15.075015 0.762247
15.079016 0.762572
15.083017 0.762676
15.087017 0.762560
15.091018 0.762228
15.095019 0.761680
15.099020 0.760919
15.103021 0.759947
15.107021 0.758765
15.111022 0.757377
15.115023 0.755785
15.119024 0.753990
15.123025 0.751995
15.127025 0.749802
15.131026 0.747414
15.135027 0.744832
15.139028 0.742060
15.143029 0.739099
15.147029 0.735952
15.151030 0.732622
15.155031 0.729111
15.159032 0.725420
15.163033 0.721553
15.167033 0.717513
15.171034 0.713301
15.175035 0.708920
15.179036 0.704372
15.183037 0.699660
15.187037 0.694786
15.191038 0.689753
15.195039 0.684564
15.199040 0.679219
15.203041 0.673723
15.207041 0.668077
15.211042 0.662284
15.215043 0.656347
15.219044 0.650267
15.223045 0.644046
15.227045 0.637689
15.231046 0.631195
15.235047 0.624569
15.239048 0.617812
15.243049 0.610927
15.247049 0.603916
15.251050 0.596781
15.255051 0.589525
15.259052 0.582149
15.263053 0.574656
15.267053 0.567049
15.271054 0.559329
15.275055 0.551499
15.279056 0.543561
15.283057 0.535516
15.287057 0.527368
15.291058 0.519119
15.295059 0.510769
15.299060 0.502323
15.303061 0.493781
15.307061 0.485146
15.311062 0.476420
15.315063 0.467604
15.319064 0.458702
15.323065 0.449715
15.327065 0.440645
15.331066 0.431494
15.335067 0.422264
15.339068 0.412957
15.343069 0.403576
15.347069 0.394121
15.351070 0.384596
15.355071 0.375001
15.359072 0.365340
15.363073 0.355613
15.367073 0.345823
15.371074 0.335972
15.375075 0.326062
15.379076 0.316095
15.383077 0.306071
15.387077 0.295995
15.391078 0.285866
15.395079 0.275688
15.399080 0.265462
15.403081 0.255190
15.407081 0.244873
15.411082 0.234514
15.415083 0.224115
15.419084 0.213677
15.423085 0.203202
15.427085 0.192692
15.431086 0.182150
15.435087 0.171576
15.439088 0.160972
15.443089 0.150341
15.447089 0.139684
15.451090 0.129003
15.455091 0.118299
15.459092 0.107576
15.463093 0.096834
15.467093 0.086075
15.471094 0.075301
15.475095 0.064514
15.479096 0.053715
15.483097 0.042907
15.487097 0.032091
15.491098 0.021269
15.495099 0.010443
15.499100 -0.000386
15.503101 -0.011215
15.507101 -0.022044
15.511102 -0.032870
15.515103 -0.043691
15.519104 -0.054505
15.523105 -0.065312
15.527105 -0.076109
15.531106 -0.086894
15.535107 -0.097666
15.539108 -0.108423
15.543109 -0.119163
15.547109 -0.129885
15.551110 -0.140586
15.555111 -0.151266
15.559112 -0.161922
15.563113 -0.172553
15.567113 -0.183156
15.571114 -0.193731
15.575115 -0.204276
15.579116 -0.214788
15.583117 -0.225266
15.587117 -0.235710
15.591118 -0.246116
15.595119 -0.256483
15.599120 -0.266810
15.603121 -0.277095
15.607121 -0.287336
15.611122 -0.297532
15.615123 -0.307681
15.619124 -0.317781
15.623125 -0.327832
15.627125 -0.337830
15.631126 -0.347776
15.635127 -0.357666
15.639128 -0.367500
15.643129 -0.377276
15.647129 -0.386992
15.651130 -0.396647
15.655131 -0.406240
15.659132 -0.415769
15.663133 -0.425231
15.667133 -0.434627
15.671134 -0.443954
15.675135 -0.453211
15.679136 -0.462397
15.683137 -0.471509
15.687137 -0.480547
15.691138 -0.489509
15.695139 -0.498393
15.699140 -0.507199
15.703141 -0.515925
15.707141 -0.524569
15.711142 -0.533131
15.715143 -0.541608
15.719144 -0.550000
15.723145 -0.558305
15.727145 -0.566521
15.731146 -0.574648
15.735147 -0.582685
15.739148 -0.590629
15.743149 -0.598480
15.747149 -0.606237
15.751150 -0.613897
15.755151 -0.621461
15.759152 -0.628927
15.763153 -0.636293
15.767153 -0.643558
15.771154 -0.650722
15.775155 -0.657784
15.779156 -0.664741
15.783157 -0.671593
15.787157 -0.678340
15.791158 -0.684979
15.795159 -0.691509
15.799160 -0.697931
15.803161 -0.704242
15.807161 -0.710442
15.811162 -0.716530
15.815163 -0.722505
15.819164 -0.728366
15.823165 -0.734111
15.827165 -0.739741
15.831166 -0.745253
15.835167 -0.750648
15.839168 -0.755924
15.843169 -0.761081
15.847169 -0.766118
15.851170 -0.771034
15.855171 -0.775828
15.859172 -0.780499
15.863173 -0.785047
15.867173 -0.789471
15.871174 -0.793770
15.875175 -0.797944
15.879176 -0.801992
15.883177 -0.805913
15.887177 -0.809707
15.891178 -0.813372
15.895179 -0.816910
15.899180 -0.820318
15.903181 -0.823597
15.907181 -0.826746
15.911182 -0.829764
15.915183 -0.832651
15.919184 -0.835406
15.923185 -0.838029
15.927185 -0.840521
15.931186 -0.842879
15.935187 -0.845104
15.939188 -0.847196
15.943189 -0.849153
15.947189 -0.850977
15.951190 -0.852666
15.955191 -0.854221
15.959192 -0.855640
15.963193 -0.856925
15.967193 -0.858074
15.971194 -0.859087
15.975195 -0.859965
15.979196 -0.860707
15.983197 -0.861313
15.987197 -0.861783
15.991198 -0.862116
15.995199 -0.862314
15.999200 -0.862375
16.003201 -0.862300
16.007201 -0.862089
16.011202 -0.861742
16.015203 -0.861258
16.019204 -0.860639
16.023205 -0.859883
16.027205 -0.858992
16.031206 -0.857965
16.035207 -0.856802
16.039208 -0.855504
16.043209 -0.854071
16.047209 -0.852503
16.051210 -0.850801
16.055211 -0.848964
16.059212 -0.846992
16.063213 -0.844887
16.067213 -0.842649
16.071214 -0.840277
16.075215 -0.837773
16.079216 -0.835136
16.083217 -0.832368
16.087217 -0.829468
16.091218 -0.826437
16.095219 -0.823275
16.099220 -0.819983
16.103221 -0.816562
16.107221 -0.813012
16.111222 -0.809333
16.115223 -0.805526
16.119224 -0.801593
16.123225 -0.797532
16.127225 -0.793346
16.131226 -0.789034
16.135227 -0.784598
16.139228 -0.780037
16.143229 -0.775354
16.147229 -0.770548
16.151230 -0.765620
16.155231 -0.760571
16.159232 -0.755402
16.163233 -0.750114
16.167233 -0.744707
16.171234 -0.739183
16.175235 -0.733542
16.179236 -0.727785
16.183237 -0.721913
16.187237 -0.715927
16.191238 -0.709827
16.195239 -0.703616
16.199240 -0.697294
16.203241 -0.690861
16.207241 -0.684319
16.211242 -0.677670
16.215243 -0.670913
16.219244 -0.664050
16.223245 -0.657082
16.227245 -0.650011
16.231246 -0.642836
16.235247 -0.635560
16.239248 -0.628184
16.243249 -0.620709
16.247249 -0.613135
16.251250 -0.605465
16.255251 -0.597699
16.259252 -0.589839
16.263253 -0.581885
16.267253 -0.573839
16.271254 -0.565703
16.275255 -0.557478
16.279256 -0.549164
16.283257 -0.540764
16.287257 -0.532278
16.291258 -0.523708
16.295259 -0.515055
16.299260 -0.506321
16.303261 -0.497507
16.307261 -0.488615
16.311262 -0.479645
16.315263 -0.470599
16.319264 -0.461480
16.323265 -0.452287
16.327265 -0.443023
16.331266 -0.433688
16.335267 -0.424286
16.339268 -0.414816
16.343269 -0.405281
16.347269 -0.395681
16.351270 -0.386020
16.355271 -0.376297
16.359272 -0.366514
16.363273 -0.356674
16.367273 -0.346778
16.371274 -0.336827
16.375275 -0.326822
16.379276 -0.316766
16.383277 -0.306660
16.387277 -0.296505
16.391278 -0.286304
16.395279 -0.276057
16.399280 -0.265767
16.403281 -0.255435
16.407281 -0.245062
16.411282 -0.234651
16.415283 -0.224202
16.419284 -0.213719
16.423285 -0.203201
16.427285 -0.192651
16.431286 -0.182071
16.435287 -0.171462
16.439288 -0.160826
16.443289 -0.150165
16.447289 -0.139480
16.451290 -0.128773
16.455291 -0.118045
16.459292 -0.107299
16.463293 -0.096536
16.467293 -0.085758
16.471294 -0.074966
16.475295 -0.064162
16.479296 -0.053348
16.483297 -0.042526
16.487297 -0.031697
16.491298 -0.020863
16.495299 -0.010026
16.499300 0.000813
16.503301 0.011652
16.507301 0.022489
16.511302 0.033322
16.515303 0.044150
16.519304 0.054971
16.523305 0.065784
16.527305 0.076586
16.531306 0.087376
16.535307 0.098152
16.539308 0.108912
16.543309 0.119656
16.547309 0.130380
16.551310 0.141084
16.555311 0.151766
16.559312 0.162423
16.563313 0.173055
16.567313 0.183660
16.571314 0.194236
16.575315 0.204781
16.579316 0.215293
16.583317 0.225772
16.587317 0.236215
16.591318 0.246620
16.595319 0.256987
16.599320 0.267313
16.603321 0.277597
16.607321 0.287837
16.611322 0.298031
16.615323 0.308179
16.619324 0.318278
16.623325 0.328326
16.627325 0.338323
16.631326 0.348266
16.635327 0.358154
16.639328 0.367986
16.643329 0.377759
16.647329 0.387473
16.651330 0.397125
16.655331 0.406715
16.659332 0.416241
16.663333 0.425700
16.667333 0.435093
16.671334 0.444417
16.675335 0.453670
16.679336 0.462852
16.683337 0.471961
16.687337 0.480995
16.691338 0.489954
16.695339 0.498834
16.699340 0.507637
16.703341 0.516358
16.707341 0.524999
16.711342 0.533556
16.715343 0.542029
16.719344 0.550417
16.723345 0.558717
16.727345 0.566929
16.731346 0.575052
16.735347 0.583084
16.739348 0.591024
16.743349 0.598870
16.747349 0.606622
16.751350 0.614278
16.755351 0.621836
16.759352 0.629297
16.763353 0.636658
16.767353 0.643919
16.771354 0.651078
16.775355 0.658134
16.779356 0.665086
16.783357 0.671933
16.787357 0.678674
16.791358 0.685308
16.795359 0.691833
16.799360 0.698249
16.803361 0.704555
16.807361 0.710750
16.811362 0.716832
16.815363 0.722801
16.819364 0.728656
16.823365 0.734395
16.827365 0.740019
16.831366 0.745526
16.835367 0.750915
16.839368 0.756185
16.843369 0.761336
16.847369 0.766367
16.851370 0.771276
16.855371 0.776064
16.859372 0.780729
16.863373 0.785271
16.867373 0.789689
16.871374 0.793982
16.875375 0.798149
16.879376 0.802191
16.883377 0.806105
16.887377 0.809893
16.891378 0.813552
16.895379 0.817083
16.899380 0.820485
16.903381 0.823757
16.907381 0.826900
16.911382 0.829911
16.915383 0.832791
16.919384 0.835540
16.923385 0.838157
16.927385 0.840642
16.931386 0.842993
16.935387 0.845212
16.939388 0.847297
16.943389 0.849248
16.947389 0.851065
16.951390 0.852747
16.955391 0.854295
16.959392 0.855708
16.963393 0.856985
16.967393 0.858128
16.971394 0.859134
16.975395 0.860005
16.979396 0.860740
16.983397 0.861339
16.987397 0.861802
16.991398 0.862129
16.995399 0.862320
16.999400 0.862375
17.003401 0.862293
17.007401 0.862075
17.011402 0.861721
17.015403 0.861230
17.019404 0.860604
17.023405 0.859842
17.027405 0.858944
17.031406 0.857910
17.035407 0.856741
17.039408 0.855436
17.043409 0.853996
17.047409 0.852421
17.051410 0.850712
17.055411 0.848868
17.059412 0.846890
17.063413 0.844779
17.067413 0.842534
17.071414 0.840155
17.075415 0.837644
17.079416 0.835001
17.083417 0.832226
17.087417 0.829319
17.091418 0.826282
17.095419 0.823113
17.099420 0.819815
17.103421 0.816387
17.107421 0.812831
17.111422 0.809146
17.115423 0.805333
17.119424 0.801393
17.123425 0.797326
17.127425 0.793133
17.131426 0.788815
17.135427 0.784372
17.139428 0.779806
17.143429 0.775116
17.147429 0.770304
17.151430 0.765370
17.155431 0.760315
17.159432 0.755141
17.163433 0.749846
17.167433 0.744434
17.171434 0.738904
17.175435 0.733257
17.179436 0.727494
17.183437 0.721616
17.187437 0.715624
17.191438 0.709520
17.195439 0.703303
17.199440 0.696975
17.203441 0.690537
17.207441 0.683990
17.211442 0.677334
17.215443 0.670572
17.219444 0.663704
17.223445 0.656731
17.227445 0.649654
17.231446 0.642475
17.235447 0.635194
17.239448 0.627813
17.243449 0.620332
17.247449 0.612754
17.251450 0.605079
17.255451 0.597308
17.259452 0.589443
17.263453 0.581485
17.267453 0.573435
17.271454 0.565294
17.275455 0.557064
17.279456 0.548746
17.283457 0.540341
17.287457 0.531851
17.291458 0.523277
17.295459 0.514621
17.299460 0.505882
17.303461 0.497065
17.307461 0.488168
17.311462 0.479195
17.315463 0.470145
17.319464 0.461022
17.323465 0.451825
17.327465 0.442558
17.331466 0.433220
17.335467 0.423814
17.339468 0.414341
17.343469 0.404802
17.347469 0.395200
17.351470 0.385535
17.355471 0.375809
17.359472 0.366024
17.363473 0.356181
17.367473 0.346282
17.371474 0.336328
17.375475 0.326321
17.379476 0.316262
17.383477 0.306153
17.387477 0.295996
17.391478 0.285793
17.395479 0.275544
17.399480 0.265251
17.403481 0.254917
17.407481 0.244542
17.411482 0.234129
17.415483 0.223679
17.419484 0.213193
17.423485 0.202674
17.427485 0.192123
17.431486 0.181541
17.435487 0.170931
17.439488 0.160294
17.443489 0.149631
17.447489 0.138945
17.451490 0.128237
17.455491 0.117508
17.459492 0.106761
17.463493 0.095998
17.467493 0.085219
17.471494 0.074426
17.475495 0.063622
17.479496 0.052808
17.483497 0.041985
17.487497 0.031156
17.491498 0.020321
17.495499 0.009484
17.499500 -0.001355
17.503501 -0.012194
17.507502 -0.023030
17.511502 -0.033863
17.515503 -0.044691
17.519504 -0.055512
17.523505 -0.066324
17.527506 -0.077125
17.531506 -0.087915
17.535507 -0.098690
17.539508 -0.109450
17.543509 -0.120192
17.547510 -0.130916
17.551510 -0.141619
17.555511 -0.152299
17.559512 -0.162956
17.563513 -0.173586
17.567514 -0.184190
17.571514 -0.194764
17.575515 -0.205307
17.579516 -0.215818
17.583517 -0.226295
17.587518 -0.236736
17.591518 -0.247140
17.595519 -0.257504
17.599520 -0.267828
17.603521 -0.278110
17.607522 -0.288348
17.611522 -0.298540
17.615523 -0.308685
17.619524 -0.318781
17.623525 -0.328827
17.627526 -0.338821
17.631526 -0.348762
17.635527 -0.358647
17.639528 -0.368476
17.643529 -0.378246
17.647530 -0.387957
17.651530 -0.397606
17.655531 -0.407193
17.659532 -0.416715
17.663533 -0.426172
17.667534 -0.435561
17.671534 -0.444881
17.675535 -0.454131
17.679536 -0.463309
17.683537 -0.472415
17.687538 -0.481445
17.691538 -0.490399
17.695539 -0.499276
17.699540 -0.508075
17.703541 -0.516792
17.707542 -0.525429
17.711542 -0.533982
17.715543 -0.542451
17.719544 -0.550834
17.723545 -0.559130
17.727546 -0.567338
17.731546 -0.575456
17.735547 -0.583483
17.739548 -0.591418
17.743549 -0.599260
17.747550 -0.607007
17.751550 -0.614658
17.755551 -0.622212
17.759552 -0.629667
17.763553 -0.637024
17.767554 -0.644279
17.771554 -0.651433
17.775555 -0.658484
17.779556 -0.665431
17.783557 -0.672273
17.787558 -0.679008
17.791558 -0.685636
17.795559 -0.692156
17.799560 -0.698567
17.803561 -0.704867
17.807562 -0.711056
17.811562 -0.717133
17.815563 -0.723096
17.819564 -0.728945
17.823565 -0.734679
17.827566 -0.740297
17.831566 -0.745798
17.835567 -0.751181
17.839568 -0.756445
17.843569 -0.761590
17.847570 -0.766615
17.851570 -0.771519
17.855571 -0.776300
17.859572 -0.780959
17.863573 -0.785495
17.867574 -0.789906
17.871574 -0.794193
17.875575 -0.798354
17.879576 -0.802389
17.883577 -0.806298
17.887578 -0.810079
17.891578 -0.813732
17.895579 -0.817257
17.899580 -0.820652
17.903581 -0.823918
17.907582 -0.827053
17.911582 -0.830058
17.915583 -0.832932
17.919584 -0.835674
17.923585 -0.838285
17.927586 -0.840762
17.931586 -0.843107
17.935587 -0.845319
17.939588 -0.847397
17.943589 -0.849342
17.947590 -0.851152
17.951590 -0.852828
17.955591 -0.854369
17.959592 -0.855775
17.963593 -0.857046
17.967594 -0.858181
17.971594 -0.859181
17.975595 -0.860045
17.979596 -0.860773
17.983597 -0.861366
17.987598 -0.861822
17.991598 -0.862142
17.995599 -0.862326
17.999600 -0.862374
18.003601 -0.862285
18.007602 -0.862060
18.011602 -0.861699
18.015603 -0.861202
18.019604 -0.860569
18.023605 -0.859800
18.027606 -0.858895
18.031606 -0.857855
18.035607 -0.856679
18.039608 -0.855367
18.043609 -0.853921
18.047610 -0.852339
18.051610 -0.850623
18.055611 -0.848772
18.059612 -0.846788
18.063613 -0.844670
18.067614 -0.842418
18.071614 -0.840033
18.075615 -0.837515
18.079616 -0.834865
18.083617 -0.832084
18.087618 -0.829170
18.091618 -0.826126
18.095619 -0.822952
18.099620 -0.819647
18.103621 -0.816213
18.107622 -0.812650
18.111622 -0.808958
18.115623 -0.805139
18.119624 -0.801192
18.123625 -0.797119
18.127626 -0.792920
18.131626 -0.788596
18.135627 -0.784147
18.139628 -0.779574
18.143629 -0.774879
18.147630 -0.770060
18.151630 -0.765120
18.155631 -0.760060
18.159632 -0.754879
18.163633 -0.749579
18.167634 -0.744160
18.171634 -0.738624
18.175635 -0.732971
18.179636 -0.727203
18.183637 -0.721319
18.187638 -0.715322
18.191638 -0.709211
18.195639 -0.702989
18.199640 -0.696655
18.203641 -0.690212
18.207642 -0.683659
18.211642 -0.676999
18.215643 -0.670231
18.219644 -0.663358
18.223645 -0.656380
18.227646 -0.649298
18.231646 -0.642113
18.235647 -0.634827
18.239648 -0.627441
18.243649 -0.619956
18.247650 -0.612373
18.251650 -0.604693
18.255651 -0.596917
18.259652 -0.589047
18.263653 -0.581084
18.267654 -0.573030
18.271654 -0.564885
18.275655 -0.556650
18.279656 -0.548328
18.283657 -0.539919
18.287658 -0.531425
18.291658 -0.522846
18.295659 -0.514186
18.299660 -0.505443
18.303661 -0.496622
18.307662 -0.487721
18.311662 -0.478744
18.315663 -0.469691
18.319664 -0.460564
18.323665 -0.451364
18.327666 -0.442092
18.331666 -0.432751
18.335667 -0.423342
18.339668 -0.413865
18.343669 -0.404324
18.347670 -0.394718
18.351670 -0.385050
18.355671 -0.375321
18.359672 -0.365533
18.363673 -0.355687
18.367674 -0.345785
18.371674 -0.335829
18.375675 -0.325819
18.379676 -0.315758
18.383677 -0.305647
18.387678 -0.295487
18.391678 -0.285281
18.395679 -0.275030
18.399680 -0.264736
18.403681 -0.254399
18.407682 -0.244023
18.411682 -0.233608
18.415683 -0.223156
18.419684 -0.212668
18.423685 -0.202147
18.427686 -0.191595
18.431686 -0.181012
18.435687 -0.170400
18.439688 -0.159761
18.443689 -0.149098
18.447690 -0.138410
18.451690 -0.127701
18.455691 -0.116972
18.459692 -0.106224
18.463693 -0.095459
18.467694 -0.084679
18.471694 -0.073886
18.475695 -0.063081
18.479696 -0.052267
18.483697 -0.041444
18.487698 -0.030614
18.491698 -0.019780
18.495699 -0.008942
18.499700 0.001897
18.503701 0.012735
18.507702 0.023572
18.511702 0.034405
18.515703 0.045232
18.519704 0.056053
18.523705 0.066864
18.527706 0.077665
18.531706 0.088454
18.535707 0.099228
18.539708 0.109987
18.543709 0.120729
18.547710 0.131452
18.551710 0.142153
18.555711 0.152833
18.559712 0.163488
18.563713 0.174117
18.567714 0.184719
18.571714 0.195292
18.575715 0.205833
18.579716 0.216343
18.583717 0.226818
18.587718 0.237257
18.591718 0.247659
18.595719 0.258022
18.599720 0.268343
18.603721 0.278623
18.607722 0.288858
18.611722 0.299048
18.615723 0.309191
18.619724 0.319285
18.623725 0.329328
18.627726 0.339319
18.631726 0.349257
18.635727 0.359140
18.639728 0.368966
18.643729 0.378733
18.647730 0.388441
18.651730 0.398087
18.655731 0.407671
18.659732 0.417190
18.663733 0.426643
18.667734 0.436028
18.671734 0.445345
18.675735 0.454592
18.679736 0.463766
18.683737 0.472868
18.687738 0.481895
18.691738 0.490845
18.695739 0.499718
18.699740 0.508512
18.703741 0.517226
18.707742 0.525858
18.711742 0.534407
18.715743 0.542872
18.719744 0.551251
18.723745 0.559542
18.727746 0.567746
18.731746 0.575859
18.735747 0.583882
18.739748 0.591812
18.743749 0.599649
18.747750 0.607392
18.751750 0.615038
18.755751 0.622587
18.759752 0.630038
18.763753 0.637389
18.767754 0.644639
18.771754 0.651788
18.775755 0.658834
18.779756 0.665775
18.783757 0.672612
18.787758 0.679342
18.791758 0.685965
18.795759 0.692480
18.799760 0.698885
18.803761 0.705179
18.807762 0.711363
18.811762 0.717434
18.815763 0.723391
18.819764 0.729235
18.823765 0.734963
18.827766 0.740575
18.831766 0.746070
18.835767 0.751447
18.839768 0.756706
18.843769 0.761844
18.847770 0.766863
18.851770 0.771761
18.855771 0.776536
18.859772 0.781189
18.863773 0.785718
18.867774 0.790124
18.871774 0.794404
18.875775 0.798559
18.879776 0.802588
18.883777 0.806490
18.887778 0.810265
18.891778 0.813911
18.895779 0.817429
18.899780 0.820818
18.903781 0.824078
18.907782 0.827207
18.911782 0.830205
18.915783 0.833072
18.919784 0.835808
18.923785 0.838412
18.927786 0.840883
18.931786 0.843221
18.935787 0.845426
18.939788 0.847498
18.943789 0.849435
18.947790 0.851239
18.951790 0.852908
18.955791 0.854442
18.959792 0.855841
18.963793 0.857106
18.967794 0.858234
18.971794 0.859227
18.975795 0.860085
18.979796 0.860806
18.983797 0.861392
18.987798 0.861841
18.991798 0.862155
18.995799 0.862332
18.999800 0.862373
19.003801 0.862277
19.007802 0.862046
19.011802 0.861678
19.015803 0.861174
19.019804 0.860534
19.023805 0.859758
19.027806 0.858846
19.031806 0.857799
19.035807 0.856616
19.039808 0.855298
19.043809 0.853845
19.047810 0.852256
19.051810 0.850534
19.055811 0.848676
19.059812 0.846685
19.063813 0.844560
19.067814 0.842302
19.071814 0.839910
19.075815 0.837386
19.079816 0.834730
19.083817 0.831941
19.087818 0.829021
19.091818 0.825971
19.095819 0.822789
19.099820 0.819478
19.103821 0.816038
19.107822 0.812468
19.111822 0.808770
19.115823 0.804944
19.119824 0.800992
19.123825 0.796912
19.127826 0.792707
19.131826 0.788376
19.135827 0.783921
19.139828 0.779342
19.143829 0.774640
19.147830 0.769816
19.151830 0.764870
19.155831 0.759803
19.159832 0.754616
19.163833 0.749310
19.167834 0.743886
19.171834 0.738344
19.175835 0.732685
19.179836 0.726911
19.183837 0.721022
19.187838 0.715019
19.191838 0.708903
19.195839 0.702675
19.199840 0.696336
19.203841 0.689887
19.207842 0.683329
19.211842 0.676663
19.215843 0.669890
19.219844 0.663011
19.223845 0.656028
19.227846 0.648941
19.231846 0.641751
19.235847 0.634460
19.239848 0.627069
19.243849 0.619579
19.247850 0.611991
19.251850 0.604306
19.255851 0.596526
19.259852 0.588651
19.263853 0.580684
19.267854 0.572625
19.271854 0.564475
19.275855 0.556236
19.279856 0.547909
19.283857 0.539496
19.287858 0.530998
19.291858 0.522415
19.295859 0.513750
19.299860 0.505004
19.303861 0.496178
19.307862 0.487274
19.311862 0.478293
19.315863 0.469236
19.319864 0.460105
19.323865 0.450902
19.327866 0.441627
19.331866 0.432282
19.335867 0.422869
19.339868 0.413390
19.343869 0.403845
19.347870 0.394236
19.351870 0.384565
19.355871 0.374833
19.359872 0.365042
19.363873 0.355193
19.367874 0.345289
19.371874 0.335329
19.375875 0.325317
19.379876 0.315253
19.383877 0.305140
19.387878 0.294978
19.391878 0.284770
19.395879 0.274516
19.399880 0.264220
19.403881 0.253881
19.407882 0.243503
19.411882 0.233086
19.415883 0.222632
19.419884 0.212143
19.423885 0.201621
19.427886 0.191066
19.431886 0.180482
19.435887 0.169869
19.439888 0.159229
19.443889 0.148564
19.447890 0.137875
19.451890 0.127165
19.455891 0.116435
19.459892 0.105686
19.463893 0.094920
19.467894 0.084140
19.471894 0.073346
19.475895 0.062541
19.479896 0.051726
19.483897 0.040902
19.487898 0.030072
19.491898 0.019238
19.495899 0.008400
19.499900 -0.002439
19.503901 -0.013277
19.507902 -0.024114
19.511902 -0.034947
19.515903 -0.045774
19.519904 -0.056594
19.523905 -0.067405
19.527906 -0.078205
19.531906 -0.088993
19.535907 -0.099767
19.539908 -0.110525
19.543909 -0.121266
19.547910 -0.131987
19.551910 -0.142688
19.555911 -0.153366
19.559912 -0.164020
19.563913 -0.174648
19.567914 -0.185248
19.571914 -0.195819
19.575915 -0.206360
19.579916 -0.216867
19.583917 -0.227341
19.587918 -0.237778
19.591918 -0.248178
19.595919 -0.258539
19.599920 -0.268858
19.603921 -0.279136
19.607922 -0.289369
19.611922 -0.299557
19.615923 -0.309697
19.619924 -0.319788
19.623925 -0.329829
19.627926 -0.339818
19.631926 -0.349753
19.635927 -0.359632
19.639928 -0.369455
19.643929 -0.379220
19.647930 -0.388925
19.651930 -0.398568
19.655931 -0.408148
19.659932 -0.417664
19.663933 -0.427114
19.667934 -0.436496
19.671934 -0.445809
19.675935 -0.455052
19.679936 -0.464223
19.683937 -0.473321
19.687938 -0.482344
19.691938 -0.491291
19.695939 -0.500160
19.699940 -0.508950
19.703941 -0.517660
19.707942 -0.526288
19.711942 -0.534832
19.715943 -0.543293
19.719944 -0.551667
19.723945 -0.559955
19.727946 -0.568153
19.731946 -0.576263
19.735947 -0.584281
19.739948 -0.592206
19.743949 -0.600039
19.747950 -0.607776
19.751950 -0.615418
19.755951 -0.622962
19.759952 -0.630408
19.763953 -0.637754
19.767954 -0.644999
19.771954 -0.652143
19.775955 -0.659183
19.779956 -0.666120
19.783957 -0.672951
19.787958 -0.679676
19.791958 -0.686293
19.795959 -0.692802
19.799960 -0.699202
19.803961 -0.705491
19.807962 -0.711669
19.811962 -0.717734
19.815963 -0.723686
19.819964 -0.729524
19.823965 -0.735246
19.827966 -0.740852
19.831966 -0.746342
19.835967 -0.751713
19.839968 -0.756965
19.843969 -0.762098
19.847970 -0.767111
19.851970 -0.772002
19.855971 -0.776772
19.859972 -0.781418
19.863973 -0.785942
19.867974 -0.790341
19.871974 -0.794615
19.875975 -0.798764
19.879976 -0.802786
19.883977 -0.806682
19.887978 -0.810450
19.891978 -0.814090
19.895979 -0.817602
19.899980 -0.820984
19.903981 -0.824237
19.907982 -0.827360
19.911982 -0.830352
19.915983 -0.833212
19.919984 -0.835941
19.923985 -0.838538
19.927986 -0.841003
19.931986 -0.843334
19.935987 -0.845533
19.939988 -0.847598
19.943989 -0.849529
19.947990 -0.851326
19.951990 -0.852988
19.955991 -0.854515
19.959992 -0.855908
19.963993 -0.857165
19.967994 -0.858287
19.971994 -0.859273
19.975995 -0.860124
19.979996 -0.860839
19.983997 -0.861418
19.987998 -0.861860
19.991998 -0.862167
19.995999 -0.862337
20.000000 -0.862371
