0.000000 0.999684
0.004001 0.998579
0.008002 0.996843
0.012002 0.994478
0.016003 0.991486
0.020004 0.987868
0.024005 0.983628
0.028006 0.978767
0.032006 0.973290
0.036007 0.967199
0.040008 0.960500
0.044009 0.953196
0.048010 0.945292
0.052010 0.936793
0.056011 0.927705
0.060012 0.918034
0.064013 0.907787
0.068014 0.896969
0.072014 0.885588
0.076015 0.873651
0.080016 0.861166
0.084017 0.848140
0.088018 0.834584
0.092018 0.820504
0.096019 0.805910
0.100020 0.790812
0.104021 0.775219
0.108022 0.759142
0.112022 0.742590
0.116023 0.725574
0.120024 0.708105
0.124025 0.690194
0.128026 0.671853
0.132026 0.653093
0.136027 0.633927
0.140028 0.614366
0.144029 0.594424
0.148030 0.574112
0.152030 0.553444
0.156031 0.532432
0.160032 0.511092
0.164033 0.489435
0.168034 0.467475
0.172034 0.445228
0.176035 0.422706
0.180036 0.399924
0.184037 0.376897
0.188038 0.353639
0.192038 0.330164
0.196039 0.306489
0.200040 0.282628
0.204041 0.258595
0.208042 0.234407
0.212042 0.210079
0.216043 0.185625
0.220044 0.161062
0.224045 0.136405
0.228046 0.111669
0.232046 0.086871
0.236047 0.062026
0.240048 0.037149
0.244049 0.012257
0.248050 -0.012635
0.252050 -0.037512
0.256051 -0.062356
0.260052 -0.087154
0.264053 -0.111888
0.268054 -0.136544
0.272054 -0.161107
0.276055 -0.185559
0.280056 -0.209887
0.284057 -0.234074
0.288058 -0.258106
0.292058 -0.281967
0.296059 -0.305642
0.300060 -0.329117
0.304061 -0.352377
0.308062 -0.375407
0.312062 -0.398192
0.316063 -0.420719
0.320064 -0.442972
0.324065 -0.464939
0.328066 -0.486605
0.332066 -0.507957
0.336067 -0.528982
0.340068 -0.549665
0.344069 -0.569995
0.348070 -0.589958
0.352070 -0.609543
0.356071 -0.628736
0.360072 -0.647525
0.364073 -0.665900
0.368074 -0.683849
0.372074 -0.701359
0.376075 -0.718422
0.380076 -0.735025
0.384077 -0.751158
0.388078 -0.766812
0.392078 -0.781976
0.396079 -0.796642
0.400080 -0.810800
0.404081 -0.824441
0.408082 -0.837557
0.412082 -0.850140
0.416083 -0.862182
0.420084 -0.873675
0.424085 -0.884613
0.428086 -0.894988
0.432086 -0.904795
0.436087 -0.914028
0.440088 -0.922680
0.444089 -0.930746
0.448090 -0.938222
0.452090 -0.945103
0.456091 -0.951385
0.460092 -0.957063
0.464093 -0.962136
0.468094 -0.966599
0.472094 -0.970449
0.476095 -0.973686
0.480096 -0.976307
0.484097 -0.978310
0.488098 -0.979694
0.492098 -0.980459
0.496099 -0.980605
0.500100 -0.980131
0.504101 -0.979038
0.508102 -0.977327
0.512102 -0.974999
0.516103 -0.972056
0.520104 -0.968499
0.524105 -0.964332
0.528106 -0.959558
0.532106 -0.954178
0.536107 -0.948198
0.540108 -0.941620
0.544109 -0.934450
0.548110 -0.926692
0.552110 -0.918350
0.556111 -0.909431
0.560112 -0.899941
0.564113 -0.889885
0.568114 -0.879270
0.572114 -0.868103
0.576115 -0.856391
0.580116 -0.844142
0.584117 -0.831364
0.588118 -0.818064
0.592118 -0.804252
0.596119 -0.789936
0.600120 -0.775126
0.604121 -0.759831
0.608122 -0.744060
0.612122 -0.727825
0.616123 -0.711134
0.620124 -0.694000
0.624125 -0.676433
0.628126 -0.658444
0.632126 -0.640045
0.636127 -0.621248
0.640128 -0.602064
0.644129 -0.582505
0.648130 -0.562585
0.652130 -0.542316
0.656131 -0.521710
0.660132 -0.500782
0.664133 -0.479544
0.668134 -0.458009
0.672134 -0.436192
0.676135 -0.414107
0.680136 -0.391766
0.684137 -0.369186
0.688138 -0.346379
0.692138 -0.323361
0.696139 -0.300145
0.700140 -0.276748
0.704141 -0.253183
0.708142 -0.229465
0.712142 -0.205610
0.716143 -0.181633
0.720144 -0.157548
0.724145 -0.133372
0.728146 -0.109119
0.732146 -0.084805
0.736147 -0.060444
0.740148 -0.036054
0.744149 -0.011648
0.748150 0.012758
0.752150 0.037147
0.756151 0.061506
0.760152 0.085818
0.764153 0.110068
0.768154 0.134240
0.772154 0.158321
0.776155 0.182294
0.780156 0.206144
0.784157 0.229856
0.788158 0.253416
0.792158 0.276808
0.796159 0.300018
0.800160 0.323031
0.804161 0.345832
0.808162 0.368408
0.812162 0.390744
0.816163 0.412827
0.820164 0.434641
0.824165 0.456174
0.828166 0.477412
0.832166 0.498342
0.836167 0.518951
0.840168 0.539225
0.844169 0.559152
0.848170 0.578719
0.852170 0.597915
0.856171 0.616727
0.860172 0.635143
0.864173 0.653153
0.868174 0.670744
0.872174 0.687906
0.876175 0.704628
0.880176 0.720899
0.884177 0.736710
0.888178 0.752051
0.892178 0.766912
0.896179 0.781283
0.900180 0.795157
0.904181 0.808523
0.908182 0.821375
0.912182 0.833704
0.916183 0.845502
0.920184 0.856763
0.924185 0.867479
0.928186 0.877643
0.932186 0.887250
0.936187 0.896293
0.940188 0.904767
0.944189 0.912667
0.948190 0.919988
0.952190 0.926726
0.956191 0.932876
0.960192 0.938434
0.964193 0.943399
0.968194 0.947765
0.972194 0.951532
0.976195 0.954696
0.980196 0.957256
0.984197 0.959211
0.988198 0.960559
0.992198 0.961300
0.996199 0.961434
1.000200 0.960960
1.004201 0.959879
1.008202 0.958192
1.012202 0.955900
1.016203 0.953006
1.020204 0.949510
1.024205 0.945415
1.028206 0.940725
1.032206 0.935442
1.036207 0.929569
1.040208 0.923112
1.044209 0.916073
1.048210 0.908457
1.052210 0.900270
1.056211 0.891518
1.060212 0.882204
1.064213 0.872336
1.068214 0.861921
1.072214 0.850964
1.076215 0.839473
1.080216 0.827456
1.084217 0.814919
1.088218 0.801872
1.092218 0.788322
1.096219 0.774279
1.100220 0.759751
1.104221 0.744747
1.108222 0.729278
1.112222 0.713353
1.116223 0.696982
1.120224 0.680177
1.124225 0.662947
1.128226 0.645303
1.132226 0.627258
1.136227 0.608822
1.140228 0.590007
1.144229 0.570826
1.148230 0.551290
1.152230 0.531412
1.156231 0.511204
1.160232 0.490680
1.164233 0.469852
1.168234 0.448735
1.172234 0.427340
1.176235 0.405682
1.180236 0.383775
1.184237 0.361632
1.188238 0.339268
1.192238 0.316697
1.196239 0.293932
1.200240 0.270990
1.204241 0.247883
1.208242 0.224627
1.212242 0.201236
1.216243 0.177726
1.220244 0.154111
1.224245 0.130406
1.228246 0.106626
1.232246 0.082786
1.236247 0.058901
1.240248 0.034987
1.244249 0.011058
1.248250 -0.012870
1.252250 -0.036783
1.256251 -0.060664
1.260252 -0.084500
1.264253 -0.108275
1.268254 -0.131974
1.272254 -0.155582
1.276255 -0.179085
1.280256 -0.202467
1.284257 -0.225713
1.288258 -0.248810
1.292258 -0.271742
1.296259 -0.294496
1.300260 -0.317056
1.304261 -0.339409
1.308262 -0.361540
1.312262 -0.383436
1.316263 -0.405082
1.320264 -0.426466
1.324265 -0.447574
1.328266 -0.468393
1.332266 -0.488909
1.336267 -0.509109
1.340268 -0.528982
1.344269 -0.548514
1.348270 -0.567694
1.352270 -0.586509
1.356271 -0.604947
1.360272 -0.622998
1.364273 -0.640649
1.368274 -0.657890
1.372274 -0.674710
1.376275 -0.691099
1.380276 -0.707045
1.384277 -0.722540
1.388278 -0.737574
1.392278 -0.752137
1.396279 -0.766220
1.400280 -0.779815
1.404281 -0.792913
1.408282 -0.805506
1.412282 -0.817586
1.416283 -0.829146
1.420284 -0.840178
1.424285 -0.850676
1.428286 -0.860634
1.432286 -0.870044
1.436287 -0.878902
1.440288 -0.887203
1.444289 -0.894940
1.448290 -0.902109
1.452290 -0.908706
1.456291 -0.914727
1.460292 -0.920168
1.464293 -0.925026
1.468294 -0.929299
1.472294 -0.932983
1.476295 -0.936076
1.480296 -0.938578
1.484297 -0.940485
1.488298 -0.941798
1.492298 -0.942515
1.496299 -0.942637
1.500300 -0.942163
1.504301 -0.941095
1.508302 -0.939432
1.512302 -0.937176
1.516303 -0.934329
1.520304 -0.930893
1.524305 -0.926869
1.528306 -0.922262
1.532306 -0.917073
1.536307 -0.911307
1.540308 -0.904967
1.544309 -0.898057
1.548310 -0.890582
1.552310 -0.882546
1.556311 -0.873956
1.560312 -0.864817
1.564313 -0.855134
1.568314 -0.844914
1.572314 -0.834163
1.576315 -0.822889
1.580316 -0.811098
1.584317 -0.798799
1.588318 -0.786000
1.592318 -0.772707
1.596319 -0.758931
1.600320 -0.744680
1.604321 -0.729963
1.608322 -0.714789
1.612322 -0.699169
1.616323 -0.683112
1.620324 -0.666628
1.624325 -0.649729
1.628326 -0.632424
1.632326 -0.614726
1.636327 -0.596644
1.640328 -0.578192
1.644329 -0.559380
1.648330 -0.540221
1.652330 -0.520726
1.656331 -0.500909
1.660332 -0.480781
1.664333 -0.460357
1.668334 -0.439647
1.672334 -0.418667
1.676335 -0.397429
1.680336 -0.375946
1.684337 -0.354233
1.688338 -0.332303
1.692338 -0.310170
1.696339 -0.287848
1.700340 -0.265351
1.704341 -0.242693
1.708342 -0.219890
1.712342 -0.196955
1.716343 -0.173902
1.720344 -0.150747
1.724345 -0.127504
1.728346 -0.104188
1.732346 -0.080813
1.736347 -0.057395
1.740348 -0.033948
1.744349 -0.010487
1.748350 0.012973
1.752350 0.036418
1.756351 0.059832
1.760352 0.083202
1.764353 0.106511
1.768354 0.129745
1.772354 0.152891
1.776355 0.175932
1.780356 0.198855
1.784357 0.221645
1.788358 0.244288
1.792358 0.266769
1.796359 0.289075
1.800360 0.311191
1.804361 0.333104
1.808362 0.354799
1.812362 0.376263
1.816363 0.397483
1.820364 0.418445
1.824365 0.439136
1.828366 0.459543
1.832366 0.479654
1.836367 0.499455
1.840368 0.518934
1.844369 0.538079
1.848370 0.556879
1.852370 0.575320
1.856371 0.593393
1.860372 0.611084
1.864373 0.628385
1.868374 0.645282
1.872374 0.661767
1.876375 0.677829
1.880376 0.693457
1.884377 0.708643
1.888378 0.723376
1.892378 0.737647
1.896379 0.751448
1.900380 0.764769
1.904381 0.777604
1.908382 0.789943
1.912382 0.801779
1.916383 0.813105
1.920384 0.823914
1.924385 0.834199
1.928386 0.843954
1.932386 0.853172
1.936387 0.861849
1.940388 0.869979
1.944389 0.877556
1.948390 0.884577
1.952390 0.891036
1.956391 0.896931
1.960392 0.902257
1.964393 0.907012
1.968394 0.911192
1.972394 0.914795
1.976395 0.917820
1.980396 0.920263
1.984397 0.922124
1.988398 0.923403
1.992398 0.924097
1.996399 0.924208
2.000400 0.923735
2.004401 0.922678
2.008402 0.921039
2.012402 0.918819
2.016403 0.916018
2.020404 0.912640
2.024405 0.908687
2.028406 0.904161
2.032406 0.899065
2.036407 0.893403
2.040408 0.887178
2.044409 0.880395
2.048410 0.873058
2.052410 0.865171
2.056411 0.856741
2.060412 0.847772
2.064413 0.838270
2.068414 0.828242
2.072414 0.817694
2.076415 0.806632
2.080416 0.795065
2.084417 0.782998
2.088418 0.770442
2.092418 0.757402
2.096419 0.743888
2.100420 0.729908
2.104421 0.715472
2.108422 0.700588
2.112422 0.685267
2.116423 0.669517
2.120424 0.653350
2.124425 0.636774
2.128426 0.619802
2.132426 0.602444
2.136427 0.584710
2.140428 0.566613
2.144429 0.548164
2.148430 0.529374
2.152430 0.510256
2.156431 0.490821
2.160432 0.471082
2.164433 0.451053
2.168434 0.430744
2.172434 0.410170
2.176435 0.389343
2.180436 0.368277
2.184437 0.346985
2.188438 0.325480
2.192438 0.303777
2.196439 0.281888
2.200440 0.259829
2.204441 0.237612
2.208442 0.215252
2.212442 0.192763
2.216443 0.170160
2.220444 0.147456
2.224445 0.124666
2.228446 0.101805
2.232446 0.078887
2.236447 0.055926
2.240448 0.032937
2.244449 0.009934
2.248450 -0.013068
2.252450 -0.036054
2.256451 -0.059010
2.260452 -0.081921
2.264453 -0.104774
2.268454 -0.127553
2.272454 -0.150245
2.276455 -0.172834
2.280456 -0.195307
2.284457 -0.217649
2.288458 -0.239847
2.292458 -0.261887
2.296459 -0.283754
2.300460 -0.305435
2.304461 -0.326916
2.308462 -0.348184
2.312462 -0.369225
2.316463 -0.390026
2.320464 -0.410574
2.324465 -0.430857
2.328466 -0.450861
2.332466 -0.470574
2.336467 -0.489983
2.340468 -0.509076
2.344469 -0.527842
2.348470 -0.546269
2.352470 -0.564345
2.356471 -0.582058
2.360472 -0.599399
2.364473 -0.616355
2.368474 -0.632916
2.372474 -0.649073
2.376475 -0.664814
2.380476 -0.680130
2.384477 -0.695012
2.388478 -0.709450
2.392478 -0.723436
2.396479 -0.736960
2.400480 -0.750014
2.404481 -0.762590
2.408482 -0.774681
2.412482 -0.786278
2.416483 -0.797375
2.420484 -0.807965
2.424485 -0.818041
2.428486 -0.827597
2.432486 -0.836628
2.436487 -0.845127
2.440488 -0.853089
2.444489 -0.860510
2.448490 -0.867385
2.452490 -0.873710
2.456491 -0.879481
2.460492 -0.884695
2.464493 -0.889348
2.468494 -0.893438
2.472494 -0.896962
2.476495 -0.899919
2.480496 -0.902306
2.484497 -0.904122
2.488498 -0.905367
2.492498 -0.906039
2.496499 -0.906139
2.500500 -0.905666
2.504501 -0.904622
2.508502 -0.903006
2.512503 -0.900820
2.516503 -0.898066
2.520504 -0.894746
2.524505 -0.890861
2.528506 -0.886415
2.532507 -0.881411
2.536507 -0.875851
2.540508 -0.869739
2.544509 -0.863080
2.548510 -0.855878
2.552511 -0.848138
2.556511 -0.839864
2.560512 -0.831063
2.564513 -0.821739
2.568514 -0.811899
2.572515 -0.801549
2.576515 -0.790696
2.580516 -0.779348
2.584517 -0.767510
2.588518 -0.755191
2.592519 -0.742399
2.596519 -0.729143
2.600520 -0.715429
2.604521 -0.701269
2.608522 -0.686669
2.612523 -0.671641
2.616523 -0.656193
2.620524 -0.640335
2.624525 -0.624078
2.628526 -0.607432
2.632527 -0.590407
2.636527 -0.573015
2.640528 -0.555266
2.644529 -0.537172
2.648530 -0.518745
2.652531 -0.499995
2.656531 -0.480936
2.660532 -0.461579
2.664533 -0.441936
2.668534 -0.422021
2.672535 -0.401845
2.676535 -0.381422
2.680536 -0.360764
2.684537 -0.339885
2.688538 -0.318797
2.692539 -0.297515
2.696539 -0.276052
2.700540 -0.254421
2.704541 -0.232637
2.708542 -0.210712
2.712543 -0.188661
2.716543 -0.166498
2.720544 -0.144236
2.724545 -0.121891
2.728546 -0.099475
2.732547 -0.077004
2.736547 -0.054492
2.740548 -0.031952
2.744549 -0.009399
2.748550 0.013153
2.752551 0.035690
2.756551 0.058197
2.760552 0.080659
2.764553 0.103064
2.768554 0.125397
2.772555 0.147643
2.776555 0.169790
2.780556 0.191821
2.784557 0.213725
2.788558 0.235487
2.792559 0.257093
2.796559 0.278530
2.800560 0.299784
2.804561 0.320842
2.808562 0.341691
2.812563 0.362318
2.816563 0.382709
2.820564 0.402851
2.824565 0.422733
2.828566 0.442342
2.832567 0.461665
2.836567 0.480690
2.840568 0.499406
2.844569 0.517800
2.848570 0.535862
2.852571 0.553579
2.856571 0.570940
2.860572 0.587936
2.864573 0.604555
2.868574 0.620787
2.872575 0.636621
2.876575 0.652049
2.880576 0.667059
2.884577 0.681644
2.888578 0.695793
2.892579 0.709498
2.896579 0.722751
2.900580 0.735543
2.904581 0.747866
2.908582 0.759713
2.912583 0.771076
2.916583 0.781949
2.920584 0.792324
2.924585 0.802196
2.928586 0.811557
2.932587 0.820403
2.936587 0.828728
2.940588 0.836527
2.944589 0.843795
2.948590 0.850528
2.952591 0.856721
2.956591 0.862371
2.960592 0.867474
2.964593 0.872028
2.968594 0.876030
2.972595 0.879477
2.976595 0.882367
2.980596 0.884699
2.984597 0.886471
2.988598 0.887683
2.992599 0.888334
2.996599 0.888423
3.000600 0.887951
3.004601 0.886919
3.008602 0.885326
3.012603 0.883175
3.016603 0.880466
3.020604 0.877202
3.024605 0.873385
3.028606 0.869018
3.032607 0.864103
3.036607 0.858643
3.040608 0.852643
3.044609 0.846106
3.048610 0.839037
3.052611 0.831440
3.056611 0.823320
3.060612 0.814683
3.064613 0.805534
3.068614 0.795878
3.072615 0.785723
3.076615 0.775075
3.080616 0.763941
3.084617 0.752328
3.088618 0.740243
3.092619 0.727694
3.096619 0.714689
3.100620 0.701238
3.104621 0.687347
3.108622 0.673027
3.112623 0.658286
3.116623 0.643133
3.120624 0.627580
3.124625 0.611635
3.128626 0.595308
3.132627 0.578611
3.136627 0.561553
3.140628 0.544146
3.144629 0.526401
3.148630 0.508329
3.152631 0.489941
3.156631 0.471250
3.160632 0.452267
3.164633 0.433004
3.168634 0.413474
3.172635 0.393689
3.176635 0.373661
3.180636 0.353403
3.184637 0.332929
3.188638 0.312251
3.192639 0.291382
3.196639 0.270336
3.200640 0.249126
3.204641 0.227765
3.208642 0.206267
3.212643 0.184645
3.216643 0.162913
3.220644 0.141086
3.224645 0.119176
3.228646 0.097198
3.232647 0.075165
3.236647 0.053092
3.240648 0.030993
3.244649 0.008880
3.248650 -0.013231
3.252651 -0.035326
3.256651 -0.057393
3.260652 -0.079416
3.264653 -0.101382
3.268654 -0.123276
3.272655 -0.145087
3.276655 -0.166798
3.280656 -0.188398
3.284657 -0.209871
3.288658 -0.231205
3.292659 -0.252387
3.296659 -0.273402
3.300660 -0.294238
3.304661 -0.314882
3.308662 -0.335320
3.312663 -0.355539
3.316663 -0.375528
3.320664 -0.395273
3.324665 -0.414763
3.328666 -0.433984
3.332667 -0.452925
3.336667 -0.471574
3.340668 -0.489919
3.344669 -0.507949
3.348670 -0.525652
3.352671 -0.543018
3.356671 -0.560035
3.360672 -0.576693
3.364673 -0.592981
3.368674 -0.608890
3.372675 -0.624409
3.376675 -0.639528
3.380676 -0.654239
3.384677 -0.668532
3.388678 -0.682398
3.392679 -0.695829
3.396679 -0.708816
3.400680 -0.721351
3.404681 -0.733426
3.408682 -0.745034
3.412683 -0.756168
3.416683 -0.766821
3.420684 -0.776986
3.424685 -0.786657
3.428686 -0.795828
3.432687 -0.804494
3.436687 -0.812648
3.440688 -0.820287
3.444689 -0.827404
3.448690 -0.833997
3.452691 -0.840062
3.456691 -0.845593
3.460692 -0.850589
3.464693 -0.855045
3.468694 -0.858961
3.472695 -0.862332
3.476695 -0.865157
3.480696 -0.867435
3.484697 -0.869165
3.488698 -0.870345
3.492699 -0.870974
3.496699 -0.871054
3.500700 -0.870583
3.504701 -0.869562
3.508702 -0.867992
3.512703 -0.865875
3.516703 -0.863211
3.520704 -0.860002
3.524705 -0.856252
3.528706 -0.851961
3.532707 -0.847134
3.536707 -0.841774
3.540708 -0.835883
3.544709 -0.829466
3.548710 -0.822527
3.552711 -0.815071
3.556711 -0.807102
3.560712 -0.798626
3.564713 -0.789648
3.568714 -0.780174
3.572715 -0.770210
3.576715 -0.759763
3.580716 -0.748839
3.584717 -0.737445
3.588718 -0.725590
3.592719 -0.713279
3.596719 -0.700523
3.600720 -0.687327
3.604721 -0.673702
3.608722 -0.659655
3.612723 -0.645196
3.616723 -0.630334
3.620724 -0.615078
3.624725 -0.599439
3.628726 -0.583426
3.632727 -0.567050
3.636727 -0.550320
3.640728 -0.533248
3.644729 -0.515845
3.648730 -0.498121
3.652731 -0.480089
3.656731 -0.461758
3.660732 -0.443142
3.664733 -0.424252
3.668734 -0.405100
3.672735 -0.385697
3.676735 -0.366058
3.680736 -0.346193
3.684737 -0.326116
3.688738 -0.305839
3.692739 -0.285376
3.696739 -0.264738
3.700740 -0.243940
3.704741 -0.222995
3.708742 -0.201915
3.712743 -0.180714
3.716743 -0.159406
3.720744 -0.138003
3.724745 -0.116521
3.728746 -0.094971
3.732747 -0.073369
3.736747 -0.051727
3.740748 -0.030059
3.744749 -0.008379
3.748750 0.013300
3.752751 0.034963
3.756751 0.056598
3.760752 0.078189
3.764753 0.099725
3.768754 0.121191
3.772755 0.142573
3.776755 0.163859
3.780756 0.185034
3.784757 0.206086
3.788758 0.227001
3.792759 0.247766
3.796759 0.268368
3.800760 0.288794
3.804761 0.309031
3.808762 0.329066
3.812763 0.348888
3.816763 0.368482
3.820764 0.387838
3.824765 0.406942
3.828766 0.425784
3.832767 0.444350
3.836767 0.462630
3.840768 0.480612
3.844769 0.498284
3.848770 0.515637
3.852771 0.532658
3.856771 0.549337
3.860772 0.565664
3.864773 0.581628
3.868774 0.597220
3.872775 0.612430
3.876775 0.627248
3.880776 0.641665
3.884777 0.655673
3.888778 0.669261
3.892779 0.682423
3.896779 0.695149
3.900780 0.707433
3.904781 0.719265
3.908782 0.730639
3.912783 0.741549
3.916783 0.751986
3.920784 0.761945
3.924785 0.771420
3.928786 0.780404
3.932787 0.788892
3.936787 0.796880
3.940788 0.804361
3.944789 0.811332
3.948790 0.817788
3.952791 0.823726
3.956791 0.829142
3.960792 0.834032
3.964793 0.838393
3.968794 0.842224
3.972795 0.845521
3.976795 0.848283
3.980796 0.850509
3.984797 0.852196
3.988798 0.853345
3.992799 0.853954
3.996799 0.854024
4.000800 0.853554
4.004801 0.852545
4.008802 0.850997
4.012803 0.848913
4.016803 0.846293
4.020804 0.843139
4.024805 0.839454
4.028806 0.835240
4.032807 0.830499
4.036807 0.825235
4.040808 0.819452
4.044809 0.813152
4.048810 0.806341
4.052811 0.799023
4.056811 0.791203
4.060812 0.782885
4.064813 0.774075
4.068814 0.764779
4.072815 0.755003
4.076815 0.744752
4.080816 0.734035
4.084817 0.722858
4.088818 0.711227
4.092819 0.699150
4.096819 0.686636
4.100820 0.673692
4.104821 0.660327
4.108822 0.646549
4.112823 0.632366
4.116823 0.617789
4.120824 0.602826
4.124825 0.587487
4.128826 0.571781
4.132827 0.555719
4.136827 0.539312
4.140828 0.522569
4.144829 0.505501
4.148830 0.488119
4.152831 0.470434
4.156831 0.452458
4.160832 0.434201
4.164833 0.415676
4.168834 0.396895
4.172835 0.377868
4.176835 0.358609
4.180836 0.339129
4.184837 0.319442
4.188838 0.299559
4.192839 0.279492
4.196839 0.259256
4.200840 0.238862
4.204841 0.218324
4.208842 0.197654
4.212843 0.176866
4.216843 0.155973
4.220844 0.134988
4.224845 0.113924
4.228846 0.092795
4.232847 0.071614
4.236847 0.050394
4.240848 0.029150
4.244849 0.007893
4.248850 -0.013361
4.252851 -0.034601
4.256851 -0.055812
4.260852 -0.076981
4.264853 -0.098095
4.268854 -0.119140
4.272855 -0.140103
4.276855 -0.160971
4.280856 -0.181731
4.284857 -0.202369
4.288858 -0.222873
4.292859 -0.243230
4.296859 -0.263426
4.300860 -0.283450
4.304861 -0.303289
4.308862 -0.322930
4.312863 -0.342360
4.316863 -0.361568
4.320864 -0.380542
4.324865 -0.399269
4.328866 -0.417738
4.332867 -0.435937
4.336867 -0.453856
4.340868 -0.471481
4.344869 -0.488804
4.348870 -0.505812
4.352871 -0.522495
4.356871 -0.538843
4.360872 -0.554846
4.364873 -0.570493
4.368874 -0.585774
4.372875 -0.600681
4.376875 -0.615204
4.380876 -0.629333
4.384877 -0.643060
4.388878 -0.656377
4.392879 -0.669275
4.396879 -0.681746
4.400880 -0.693783
4.404881 -0.705377
4.408882 -0.716522
4.412883 -0.727211
4.416883 -0.737438
4.420884 -0.747195
4.424885 -0.756477
4.428886 -0.765278
4.432887 -0.773593
4.436887 -0.781417
4.440888 -0.788745
4.444889 -0.795572
4.448890 -0.801894
4.452891 -0.807708
4.456891 -0.813010
4.460892 -0.817797
4.464893 -0.822065
4.468894 -0.825813
4.472895 -0.829038
4.476895 -0.831738
4.480896 -0.833912
4.484897 -0.835559
4.488898 -0.836677
4.492899 -0.837266
4.496899 -0.837326
4.500900 -0.836858
4.504901 -0.835860
4.508902 -0.834335
4.512903 -0.832284
4.516903 -0.829707
4.520904 -0.826607
4.524905 -0.822986
4.528906 -0.818846
4.532907 -0.814190
4.536907 -0.809022
4.540908 -0.803344
4.544909 -0.797160
4.548910 -0.790474
4.552911 -0.783292
4.556911 -0.775617
4.560912 -0.767454
4.564913 -0.758809
4.568914 -0.749688
4.572915 -0.740095
4.576915 -0.730039
4.580916 -0.719524
4.584917 -0.708558
4.588918 -0.697148
4.592919 -0.685301
4.596919 -0.673025
4.600920 -0.660328
4.604921 -0.647218
4.608922 -0.633703
4.612923 -0.619791
4.616923 -0.605493
4.620924 -0.590817
4.624925 -0.575772
4.628926 -0.560368
4.632927 -0.544616
4.636927 -0.528524
4.640928 -0.512103
4.644929 -0.495364
4.648930 -0.478317
4.652931 -0.460974
4.656931 -0.443345
4.660932 -0.425441
4.664933 -0.407274
4.668934 -0.388856
4.672935 -0.370198
4.676935 -0.351312
4.680936 -0.332210
4.684937 -0.312904
4.688938 -0.293406
4.692939 -0.273730
4.696939 -0.253887
4.700940 -0.233889
4.704941 -0.213750
4.708942 -0.193483
4.712943 -0.173099
4.716943 -0.152613
4.720944 -0.132037
4.724945 -0.111384
4.728946 -0.090667
4.732947 -0.069899
4.736947 -0.049094
4.740948 -0.028265
4.744949 -0.007424
4.748950 0.013416
4.752951 0.034240
4.756951 0.055035
4.760952 0.075790
4.764953 0.096490
4.768954 0.117122
4.772955 0.137674
4.776955 0.158133
4.780956 0.178485
4.784957 0.198718
4.788958 0.218819
4.792959 0.238776
4.796959 0.258575
4.800960 0.278205
4.804961 0.297653
4.808962 0.316907
4.812963 0.335954
4.816963 0.354783
4.820964 0.373383
4.824965 0.391740
4.828966 0.409844
4.832967 0.427684
4.836967 0.445247
4.840968 0.462524
4.844969 0.479504
4.848970 0.496175
4.852971 0.512527
4.856971 0.528550
4.860972 0.544235
4.864973 0.559570
4.868974 0.574548
4.872975 0.589157
4.876975 0.603390
4.880976 0.617238
4.884977 0.630691
4.888978 0.643741
4.892979 0.656380
4.896979 0.668601
4.900980 0.680396
4.904981 0.691757
4.908982 0.702678
4.912983 0.713151
4.916983 0.723170
4.920984 0.732730
4.924985 0.741824
4.928986 0.750446
4.932987 0.758591
4.936987 0.766255
4.940988 0.773432
4.944989 0.780118
4.948990 0.786309
4.952991 0.792002
4.956991 0.797192
4.960992 0.801878
4.964993 0.806055
4.968994 0.809722
4.972995 0.812876
4.976995 0.815516
4.980996 0.817639
4.984997 0.819246
4.988998 0.820334
4.992999 0.820904
4.996999 0.820955
5.001000 0.820488
5.005001 0.819502
5.009002 0.817999
5.013003 0.815980
5.017003 0.813446
5.021004 0.810399
5.025005 0.806841
5.029006 0.802774
5.033007 0.798202
5.037007 0.793127
5.041008 0.787552
5.045009 0.781482
5.049010 0.774920
5.053011 0.767870
5.057011 0.760338
5.061012 0.752327
5.065013 0.743844
5.069014 0.734894
5.073015 0.725482
5.077015 0.715615
5.081016 0.705299
5.085017 0.694541
5.089018 0.683348
5.093019 0.671726
5.097019 0.659684
5.101020 0.647229
5.105021 0.634368
5.109022 0.621112
5.113023 0.607467
5.117023 0.593442
5.121024 0.579047
5.125025 0.564291
5.129026 0.549183
5.133027 0.533733
5.137027 0.517951
5.141028 0.501846
5.145029 0.485430
5.149030 0.468712
5.153031 0.451703
5.157031 0.434415
5.161032 0.416857
5.165033 0.399041
5.169034 0.380980
5.173035 0.362683
5.177035 0.344163
5.181036 0.325431
5.185037 0.306499
5.189038 0.287380
5.193039 0.268086
5.197039 0.248628
5.201040 0.229019
5.205041 0.209272
5.209042 0.189399
5.213043 0.169413
5.217043 0.149325
5.221044 0.129150
5.225045 0.108900
5.229046 0.088587
5.233047 0.068225
5.237047 0.047826
5.241048 0.027403
5.245049 0.006969
5.249050 -0.013462
5.253051 -0.033879
5.257051 -0.054268
5.261052 -0.074616
5.265053 -0.094910
5.269054 -0.115138
5.273055 -0.135287
5.277055 -0.155345
5.281056 -0.175297
5.285057 -0.195133
5.289058 -0.214839
5.293059 -0.234403
5.297059 -0.253813
5.301060 -0.273057
5.305061 -0.292122
5.309062 -0.310996
5.313063 -0.329668
5.317063 -0.348126
5.321064 -0.366358
5.325065 -0.384353
5.329066 -0.402099
5.333067 -0.419586
5.337067 -0.436802
5.341068 -0.453737
5.345069 -0.470380
5.349070 -0.486720
5.353071 -0.502748
5.357071 -0.518453
5.361072 -0.533826
5.365073 -0.548857
5.369074 -0.563536
5.373075 -0.577855
5.377075 -0.591804
5.381076 -0.605374
5.385077 -0.618558
5.389078 -0.631348
5.393079 -0.643734
5.397079 -0.655710
5.401080 -0.667267
5.405081 -0.678400
5.409082 -0.689101
5.413083 -0.699362
5.417083 -0.709179
5.421084 -0.718545
5.425085 -0.727454
5.429086 -0.735900
5.433087 -0.743879
5.437087 -0.751386
5.441088 -0.758416
5.445089 -0.764964
5.449090 -0.771027
5.453091 -0.776601
5.457091 -0.781682
5.461092 -0.786269
5.465093 -0.790357
5.469094 -0.793944
5.473095 -0.797029
5.477095 -0.799609
5.481096 -0.801684
5.485097 -0.803251
5.489098 -0.804311
5.493099 -0.804862
5.497099 -0.804904
5.501100 -0.804438
5.505101 -0.803464
5.509102 -0.801983
5.513103 -0.799996
5.517103 -0.797504
5.521104 -0.794508
5.525105 -0.791012
5.529106 -0.787018
5.533107 -0.782527
5.537107 -0.777544
5.541108 -0.772071
5.545109 -0.766112
5.549110 -0.759671
5.553111 -0.752752
5.557111 -0.745359
5.561112 -0.737499
5.565113 -0.729174
5.569114 -0.720392
5.573115 -0.711158
5.577115 -0.701477
5.581116 -0.691356
5.585117 -0.680802
5.589118 -0.669821
5.593119 -0.658420
5.597119 -0.646607
5.601120 -0.634389
5.605121 -0.621774
5.609122 -0.608771
5.613123 -0.595387
5.617123 -0.581631
5.621124 -0.567512
5.625125 -0.553039
5.629126 -0.538221
5.633127 -0.523068
5.637127 -0.507590
5.641128 -0.491795
5.645129 -0.475695
5.649130 -0.459300
5.653131 -0.442619
5.657131 -0.425664
5.661132 -0.408446
5.665133 -0.390975
5.669134 -0.373263
5.673135 -0.355320
5.677135 -0.337159
5.681136 -0.318790
5.685137 -0.300226
5.689138 -0.281478
5.693139 -0.262558
5.697139 -0.243478
5.701140 -0.224251
5.705141 -0.204888
5.709142 -0.185401
5.713143 -0.165804
5.717143 -0.146108
5.721144 -0.126326
5.725145 -0.106470
5.729146 -0.086554
5.733147 -0.066589
5.737147 -0.046588
5.741148 -0.026564
5.745149 -0.006530
5.749150 0.013502
5.753151 0.033519
5.757151 0.053509
5.761152 0.073459
5.765153 0.093356
5.769154 0.113187
5.773155 0.132941
5.777155 0.152605
5.781156 0.172166
5.785157 0.191612
5.789158 0.210931
5.793159 0.230110
5.797159 0.249138
5.801160 0.268003
5.805161 0.286693
5.809162 0.305195
5.813163 0.323499
5.817163 0.341593
5.821164 0.359465
5.825165 0.377105
5.829166 0.394500
5.833167 0.411641
5.837167 0.428517
5.841168 0.445116
5.845169 0.461430
5.849170 0.477446
5.853171 0.493156
5.857171 0.508549
5.861172 0.523617
5.865173 0.538348
5.869174 0.552735
5.873175 0.566768
5.877175 0.580439
5.881176 0.593739
5.885177 0.606660
5.889178 0.619193
5.893179 0.631331
5.897179 0.643067
5.901180 0.654392
5.905181 0.665301
5.909182 0.675786
5.913183 0.685840
5.917183 0.695459
5.921184 0.704635
5.925185 0.713363
5.929186 0.721637
5.933187 0.729453
5.937187 0.736806
5.941188 0.743691
5.945189 0.750104
5.949190 0.756041
5.953191 0.761499
5.957191 0.766474
5.961192 0.770963
5.965193 0.774964
5.969194 0.778474
5.973195 0.781491
5.977195 0.784013
5.981196 0.786040
5.985197 0.787569
5.989198 0.788600
5.993199 0.789133
5.997199 0.789167
6.001200 0.788703
6.005201 0.787740
6.009202 0.786280
6.013203 0.784324
6.017203 0.781873
6.021204 0.778929
6.025205 0.775494
6.029206 0.771570
6.033207 0.767160
6.037207 0.762267
6.041208 0.756894
6.045209 0.751044
6.049210 0.744722
6.053211 0.737931
6.057211 0.730676
6.061212 0.722962
6.065213 0.714794
6.069214 0.706176
6.073215 0.697116
6.077215 0.687618
6.081216 0.677688
6.085217 0.667334
6.089218 0.656561
6.093219 0.645377
6.097219 0.633789
6.101220 0.621804
6.105221 0.609430
6.109222 0.596675
6.113223 0.583547
6.117223 0.570054
6.121224 0.556206
6.125225 0.542011
6.129226 0.527478
6.133227 0.512616
6.137227 0.497435
6.141228 0.481945
6.145229 0.466155
6.149230 0.450076
6.153231 0.433717
6.157231 0.417090
6.161232 0.400204
6.165233 0.383071
6.169234 0.365702
6.173235 0.348106
6.177235 0.330297
6.181236 0.312284
6.185237 0.294080
6.189238 0.275696
6.193239 0.257144
6.197239 0.238435
6.201240 0.219581
6.205241 0.200594
6.209242 0.181487
6.213243 0.162271
6.217243 0.142959
6.221244 0.123562
6.225245 0.104094
6.229246 0.084566
6.233247 0.064991
6.237247 0.045380
6.241248 0.025748
6.245249 0.006105
6.249250 -0.013535
6.253251 -0.033161
6.257251 -0.052759
6.261252 -0.072318
6.265253 -0.091825
6.269254 -0.111268
6.273255 -0.130635
6.277255 -0.149913
6.281256 -0.169090
6.285257 -0.188154
6.289258 -0.207093
6.293259 -0.225896
6.297259 -0.244549
6.301260 -0.263043
6.305261 -0.281364
6.309262 -0.299502
6.313263 -0.317445
6.317263 -0.335182
6.321264 -0.352702
6.325265 -0.369993
6.329266 -0.387045
6.333267 -0.403847
6.337267 -0.420389
6.341268 -0.436660
6.345269 -0.452649
6.349270 -0.468348
6.353271 -0.483747
6.357271 -0.498834
6.361272 -0.513602
6.365273 -0.528041
6.369274 -0.542141
6.373275 -0.555895
6.377275 -0.569293
6.381276 -0.582327
6.385277 -0.594990
6.389278 -0.607272
6.393279 -0.619167
6.397279 -0.630667
6.401280 -0.641765
6.405281 -0.652454
6.409282 -0.662728
6.413283 -0.672580
6.417283 -0.682003
6.421284 -0.690993
6.425285 -0.699544
6.429286 -0.707650
6.433287 -0.715306
6.437287 -0.722509
6.441288 -0.729252
6.445289 -0.735533
6.449290 -0.741347
6.453291 -0.746691
6.457291 -0.751561
6.461292 -0.755955
6.465293 -0.759871
6.469294 -0.763305
6.473295 -0.766255
6.477295 -0.768721
6.481296 -0.770701
6.485297 -0.772193
6.489298 -0.773196
6.493299 -0.773711
6.497299 -0.773737
6.501300 -0.773275
6.505301 -0.772324
6.509302 -0.770885
6.513303 -0.768960
6.517303 -0.766549
6.521304 -0.763656
6.525305 -0.760280
6.529306 -0.756426
6.533307 -0.752095
6.537307 -0.747290
6.541308 -0.742015
6.545309 -0.736272
6.549310 -0.730067
6.553311 -0.723402
6.557311 -0.716282
6.561312 -0.708712
6.565313 -0.700697
6.569314 -0.692241
6.573315 -0.683351
6.577315 -0.674032
6.581316 -0.664290
6.585317 -0.654132
6.589318 -0.643564
6.593319 -0.632592
6.597319 -0.621225
6.601320 -0.609468
6.605321 -0.597330
6.609322 -0.584819
6.613323 -0.571942
6.617323 -0.558708
6.621324 -0.545126
6.625325 -0.531203
6.629326 -0.516949
6.633327 -0.502373
6.637327 -0.487484
6.641328 -0.472292
6.645329 -0.456806
6.649330 -0.441037
6.653331 -0.424994
6.657331 -0.408688
6.661332 -0.392129
6.665333 -0.375327
6.669334 -0.358294
6.673335 -0.341039
6.677335 -0.323575
6.681336 -0.305911
6.685337 -0.288060
6.689338 -0.270033
6.693339 -0.251841
6.697339 -0.233495
6.701340 -0.215008
6.705341 -0.196391
6.709342 -0.177655
6.713343 -0.158813
6.717343 -0.139877
6.721344 -0.120859
6.725345 -0.101770
6.729346 -0.082623
6.733347 -0.063429
6.737347 -0.044202
6.741348 -0.024953
6.745349 -0.005694
6.749350 0.013562
6.753351 0.032804
6.757351 0.052018
6.761352 0.071194
6.765353 0.090319
6.769354 0.109381
6.773355 0.128368
6.777355 0.147267
6.781356 0.166068
6.785357 0.184758
6.789358 0.203325
6.793359 0.221758
6.797359 0.240045
6.801360 0.258174
6.805361 0.276135
6.809362 0.293915
6.813363 0.311505
6.817363 0.328892
6.821364 0.346065
6.825365 0.363015
6.829366 0.379730
6.833367 0.396200
6.837367 0.412414
6.841368 0.428363
6.845369 0.444036
6.849370 0.459424
6.853371 0.474516
6.857371 0.489305
6.861372 0.503779
6.865373 0.517930
6.869374 0.531750
6.873375 0.545230
6.877375 0.558361
6.881376 0.571135
6.885377 0.583544
6.889378 0.595581
6.893379 0.607237
6.897379 0.618507
6.901380 0.629382
6.905381 0.639856
6.909382 0.649922
6.913383 0.659575
6.917383 0.668808
6.921384 0.677616
6.925385 0.685993
6.929386 0.693934
6.933387 0.701434
6.937387 0.708488
6.941388 0.715093
6.945389 0.721244
6.949390 0.726938
6.953391 0.732170
6.957391 0.736938
6.961392 0.741240
6.965393 0.745071
6.969394 0.748431
6.973395 0.751317
6.977395 0.753727
6.981396 0.755661
6.985397 0.757117
6.989398 0.758093
6.993399 0.758591
6.997399 0.758609
7.001400 0.758148
7.005401 0.757209
7.009402 0.755791
7.013403 0.753896
7.017403 0.751526
7.021404 0.748681
7.025405 0.745365
7.029406 0.741579
7.033407 0.737325
7.037407 0.732607
7.041408 0.727428
7.045409 0.721791
7.049410 0.715700
7.053411 0.709158
7.057411 0.702171
7.061412 0.694742
7.065413 0.686877
7.069414 0.678581
7.073415 0.669858
7.077415 0.660715
7.081416 0.651157
7.085417 0.641192
7.089418 0.630824
7.093419 0.620061
7.097419 0.608910
7.101420 0.597377
7.105421 0.585471
7.109422 0.573199
7.113423 0.560568
7.117423 0.547588
7.121424 0.534266
7.125425 0.520610
7.129426 0.506630
7.133427 0.492334
7.137427 0.477732
7.141428 0.462832
7.145429 0.447645
7.149430 0.432180
7.153431 0.416447
7.157431 0.400455
7.161432 0.384216
7.165433 0.367739
7.169434 0.351035
7.173435 0.334115
7.177435 0.316989
7.181436 0.299668
7.185437 0.282163
7.189438 0.264486
7.193439 0.246647
7.197439 0.228658
7.201440 0.210530
7.205441 0.192274
7.209442 0.173904
7.213443 0.155429
7.217443 0.136861
7.221444 0.118213
7.225445 0.099497
7.229446 0.080723
7.233447 0.061905
7.237447 0.043053
7.241448 0.024180
7.245449 0.005297
7.249450 -0.013582
7.253451 -0.032448
7.257451 -0.051286
7.261452 -0.070087
7.265453 -0.088837
7.269454 -0.107525
7.273455 -0.126139
7.277455 -0.144668
7.281456 -0.163100
7.285457 -0.181422
7.289458 -0.199625
7.293459 -0.217695
7.297459 -0.235622
7.301460 -0.253395
7.305461 -0.271002
7.309462 -0.288432
7.313463 -0.305675
7.317463 -0.322719
7.321464 -0.339554
7.325465 -0.356169
7.329466 -0.372553
7.333467 -0.388698
7.337467 -0.404591
7.341468 -0.420224
7.345469 -0.435587
7.349470 -0.450669
7.353471 -0.465462
7.357471 -0.479957
7.361472 -0.494143
7.365473 -0.508013
7.369474 -0.521558
7.373475 -0.534769
7.377475 -0.547638
7.381476 -0.560157
7.385477 -0.572318
7.389478 -0.584114
7.393479 -0.595537
7.397479 -0.606580
7.401480 -0.617237
7.405481 -0.627500
7.409482 -0.637364
7.413483 -0.646822
7.417483 -0.655868
7.421484 -0.664498
7.425485 -0.672704
7.429486 -0.680483
7.433487 -0.687830
7.437487 -0.694740
7.441488 -0.701209
7.445489 -0.707233
7.449490 -0.712809
7.453491 -0.717932
7.457491 -0.722600
7.461492 -0.726810
7.465493 -0.730560
7.469494 -0.733847
7.473495 -0.736670
7.477495 -0.739026
7.481496 -0.740915
7.485497 -0.742335
7.489498 -0.743285
7.493499 -0.743766
7.497499 -0.743777
7.501500 -0.743318
7.505501 -0.742389
7.509502 -0.740992
7.513503 -0.739127
7.517504 -0.736796
7.521504 -0.734001
7.525505 -0.730742
7.529506 -0.727023
7.533507 -0.722846
7.537508 -0.718213
7.541508 -0.713128
7.545509 -0.707595
7.549510 -0.701616
7.553511 -0.695196
7.557512 -0.688338
7.561512 -0.681048
7.565513 -0.673330
7.569514 -0.665190
7.573515 -0.656631
7.577516 -0.647661
7.581516 -0.638284
7.585517 -0.628507
7.589518 -0.618336
7.593519 -0.607777
7.597520 -0.596838
7.601520 -0.585526
7.605521 -0.573847
7.609522 -0.561809
7.613523 -0.549421
7.617524 -0.536689
7.621524 -0.523622
7.625525 -0.510228
7.629526 -0.496517
7.633527 -0.482496
7.637528 -0.468174
7.641528 -0.453562
7.645529 -0.438667
7.649530 -0.423500
7.653531 -0.408071
7.657532 -0.392388
7.661532 -0.376463
7.665533 -0.360305
7.669534 -0.343924
7.673535 -0.327331
7.677536 -0.310537
7.681536 -0.293552
7.685537 -0.276387
7.689538 -0.259052
7.693539 -0.241560
7.697540 -0.223920
7.701540 -0.206144
7.705541 -0.188244
7.709542 -0.170231
7.713543 -0.152116
7.717544 -0.133910
7.721544 -0.115626
7.725545 -0.097274
7.729546 -0.078866
7.733547 -0.060415
7.737548 -0.041931
7.741548 -0.023427
7.745549 -0.004914
7.749550 0.013597
7.753551 0.032093
7.757552 0.050563
7.761552 0.068995
7.765553 0.087378
7.769554 0.105700
7.773555 0.123949
7.777556 0.142114
7.781556 0.160184
7.785557 0.178147
7.789558 0.195992
7.793559 0.213707
7.797560 0.231281
7.801560 0.248704
7.805561 0.265964
7.809562 0.283051
7.813563 0.299954
7.817564 0.316662
7.821564 0.333164
7.825565 0.349451
7.829566 0.365512
7.833567 0.381337
7.837568 0.396916
7.841568 0.412240
7.845569 0.427298
7.849570 0.442081
7.853571 0.456581
7.857572 0.470787
7.861572 0.484692
7.865573 0.498286
7.869574 0.511561
7.873575 0.524509
7.877576 0.537121
7.881576 0.549390
7.885577 0.561308
7.889578 0.572868
7.893579 0.584062
7.897580 0.594884
7.901580 0.605327
7.905581 0.615383
7.909582 0.625048
7.913583 0.634315
7.917584 0.643179
7.921584 0.651633
7.925585 0.659673
7.929586 0.667294
7.933587 0.674491
7.937588 0.681259
7.941588 0.687595
7.945589 0.693495
7.949590 0.698954
7.953591 0.703971
7.957592 0.708541
7.961592 0.712662
7.965593 0.716331
7.969594 0.719547
7.973595 0.722308
7.977596 0.724611
7.981596 0.726456
7.985597 0.727841
7.989598 0.728766
7.993599 0.729231
7.997600 0.729234
8.001600 0.728777
8.005601 0.727860
8.009602 0.726483
8.013603 0.724648
8.017604 0.722356
8.021604 0.719608
8.025605 0.716406
8.029606 0.712753
8.033607 0.708650
8.037608 0.704102
8.041608 0.699109
8.045609 0.693677
8.049610 0.687809
8.053611 0.681508
8.057612 0.674778
8.061612 0.667624
8.065613 0.660051
8.069614 0.652063
8.073615 0.643665
8.077616 0.634864
8.081616 0.625665
8.085617 0.616073
8.089618 0.606095
8.093619 0.595737
8.097620 0.585006
8.101620 0.573910
8.105621 0.562454
8.109622 0.550646
8.113623 0.538494
8.117624 0.526006
8.121624 0.513190
8.125625 0.500053
8.129626 0.486605
8.133627 0.472854
8.137628 0.458808
8.141628 0.444477
8.145629 0.429869
8.149630 0.414995
8.153631 0.399863
8.157632 0.384483
8.161632 0.368866
8.165633 0.353020
8.169634 0.336956
8.173635 0.320685
8.177636 0.304216
8.181636 0.287560
8.185637 0.270728
8.189638 0.253730
8.193639 0.236577
8.197640 0.219280
8.201640 0.201850
8.205641 0.184298
8.209642 0.166635
8.213643 0.148873
8.217644 0.131022
8.221644 0.113094
8.225645 0.095100
8.229646 0.077051
8.233647 0.058960
8.237648 0.040837
8.241648 0.022694
8.245649 0.004543
8.249650 -0.013606
8.253651 -0.031740
8.257652 -0.049848
8.261652 -0.067920
8.265653 -0.085942
8.269654 -0.103905
8.273655 -0.121796
8.277656 -0.139605
8.281656 -0.157320
8.285657 -0.174930
8.289658 -0.192424
8.293659 -0.209791
8.297660 -0.227020
8.301660 -0.244100
8.305661 -0.261020
8.309662 -0.277770
8.313663 -0.294340
8.317664 -0.310718
8.321664 -0.326895
8.325665 -0.342860
8.329666 -0.358604
8.333667 -0.374116
8.337668 -0.389387
8.341668 -0.404407
8.345669 -0.419166
8.349670 -0.433657
8.353671 -0.447869
8.357672 -0.461793
8.361672 -0.475421
8.365673 -0.488745
8.369674 -0.501756
8.373675 -0.514446
8.377676 -0.526806
8.381676 -0.538830
8.385677 -0.550510
8.389678 -0.561839
8.393679 -0.572808
8.397680 -0.583413
8.401680 -0.593646
8.405681 -0.603500
8.409682 -0.612970
8.413683 -0.622050
8.417684 -0.630734
8.421684 -0.639017
8.425685 -0.646894
8.429686 -0.654359
8.433687 -0.661409
8.437688 -0.668039
8.441688 -0.674245
8.445689 -0.680023
8.449690 -0.685369
8.453691 -0.690281
8.457692 -0.694755
8.461692 -0.698789
8.465693 -0.702380
8.469694 -0.705526
8.473695 -0.708226
8.477696 -0.710477
8.481696 -0.712279
8.485697 -0.713631
8.489698 -0.714531
8.493699 -0.714979
8.497700 -0.714976
8.501700 -0.714521
8.505701 -0.713615
8.509702 -0.712258
8.513703 -0.710452
8.517704 -0.708198
8.521704 -0.705497
8.525705 -0.702351
8.529706 -0.698762
8.533707 -0.694734
8.537708 -0.690267
8.541708 -0.685366
8.545709 -0.680034
8.549710 -0.674273
8.553711 -0.668089
8.557712 -0.661484
8.561712 -0.654464
8.565713 -0.647033
8.569714 -0.639195
8.573715 -0.630956
8.577716 -0.622320
8.581716 -0.613295
8.585717 -0.603885
8.589718 -0.594096
8.593719 -0.583935
8.597720 -0.573409
8.601720 -0.562524
8.605721 -0.551286
8.609722 -0.539704
8.613723 -0.527785
8.617724 -0.515536
8.621724 -0.502966
8.625725 -0.490081
8.629726 -0.476891
8.633727 -0.463404
8.637728 -0.449629
8.641728 -0.435573
8.645729 -0.421248
8.649730 -0.406660
8.653731 -0.391820
8.657732 -0.376738
8.661732 -0.361422
8.665733 -0.345883
8.669734 -0.330130
8.673735 -0.314173
8.677736 -0.298024
8.681736 -0.281691
8.685737 -0.265185
8.689738 -0.248517
8.693739 -0.231697
8.697740 -0.214736
8.701740 -0.197645
8.705741 -0.180434
8.709742 -0.163115
8.713743 -0.145698
8.717744 -0.128195
8.721744 -0.110616
8.725745 -0.092973
8.729746 -0.075277
8.733747 -0.057539
8.737748 -0.039770
8.741748 -0.021982
8.745749 -0.004185
8.749750 0.013609
8.753751 0.031388
8.757752 0.049142
8.761752 0.066860
8.765753 0.084529
8.769754 0.102140
8.773755 0.119680
8.777756 0.137140
8.781756 0.154507
8.785757 0.171771
8.789758 0.188921
8.793759 0.205947
8.797760 0.222837
8.801760 0.239580
8.805761 0.256168
8.809762 0.272588
8.813763 0.288831
8.817764 0.304886
8.821764 0.320743
8.825765 0.336393
8.829766 0.351826
8.833767 0.367031
8.837768 0.382000
8.841768 0.396722
8.845769 0.411190
8.849770 0.425393
8.853771 0.439322
8.857772 0.452970
8.861772 0.466328
8.865773 0.479387
8.869774 0.492138
8.873775 0.504575
8.877776 0.516689
8.881776 0.528473
8.885777 0.539920
8.889778 0.551021
8.893779 0.561771
8.897780 0.572163
8.901780 0.582190
8.905781 0.591846
8.909782 0.601126
8.913783 0.610022
8.917784 0.618531
8.921784 0.626646
8.925785 0.634362
8.929786 0.641676
8.933787 0.648582
8.937788 0.655076
8.941788 0.661154
8.945789 0.666812
8.949790 0.672048
8.953791 0.676857
8.957792 0.681237
8.961792 0.685185
8.965793 0.688700
8.969794 0.691778
8.973795 0.694418
8.977796 0.696619
8.981796 0.698379
8.985797 0.699697
8.989798 0.700573
8.993799 0.701006
8.997800 0.700996
9.001800 0.700544
9.005801 0.699648
9.009802 0.698312
9.013803 0.696534
9.017804 0.694317
9.021804 0.691662
9.025805 0.688571
9.029806 0.685047
9.033807 0.681090
9.037808 0.676704
9.041808 0.671893
9.045809 0.666658
9.049810 0.661004
9.053811 0.654934
9.057812 0.648453
9.061812 0.641564
9.065813 0.634271
9.069814 0.626581
9.073815 0.618497
9.077816 0.610024
9.081816 0.601170
9.085817 0.591938
9.089818 0.582335
9.093819 0.572367
9.097820 0.562041
9.101820 0.551363
9.105821 0.540341
9.109822 0.528980
9.113823 0.517289
9.117824 0.505274
9.121824 0.492945
9.125825 0.480308
9.129826 0.467371
9.133827 0.454143
9.137828 0.440633
9.141828 0.426848
9.145829 0.412799
9.149830 0.398492
9.153831 0.383939
9.157832 0.369148
9.161832 0.354128
9.165833 0.338889
9.169834 0.323441
9.173835 0.307794
9.177836 0.291957
9.181836 0.275941
9.185837 0.259755
9.189838 0.243410
9.193839 0.226917
9.197840 0.210286
9.201840 0.193527
9.205841 0.176651
9.209842 0.159669
9.213843 0.142591
9.217844 0.125429
9.221844 0.108193
9.225845 0.090894
9.229846 0.073543
9.233847 0.056151
9.237848 0.038729
9.241848 0.021288
9.245849 0.003839
9.249850 -0.013607
9.253851 -0.031038
9.257852 -0.048445
9.261852 -0.065815
9.265853 -0.083139
9.269854 -0.100404
9.273855 -0.117600
9.277856 -0.134717
9.281856 -0.151744
9.285857 -0.168669
9.289858 -0.185482
9.293859 -0.202172
9.297860 -0.218730
9.301860 -0.235144
9.305861 -0.251405
9.309862 -0.267502
9.313863 -0.283424
9.317864 -0.299163
9.321864 -0.314707
9.325865 -0.330048
9.329866 -0.345175
9.333867 -0.360080
9.337868 -0.374753
9.341868 -0.389184
9.345869 -0.403364
9.349870 -0.417286
9.353871 -0.430939
9.357872 -0.444316
9.361872 -0.457408
9.365873 -0.470207
9.369874 -0.482705
9.373875 -0.494894
9.377876 -0.506766
9.381876 -0.518315
9.385877 -0.529533
9.389878 -0.540412
9.393879 -0.550947
9.397880 -0.561130
9.401880 -0.570956
9.405881 -0.580418
9.409882 -0.589510
9.413883 -0.598227
9.417884 -0.606563
9.421884 -0.614514
9.425885 -0.622073
9.429886 -0.629238
9.433887 -0.636003
9.437888 -0.642363
9.441888 -0.648317
9.445889 -0.653858
9.449890 -0.658985
9.453891 -0.663694
9.457892 -0.667982
9.461892 -0.671847
9.465893 -0.675286
9.469894 -0.678298
9.473895 -0.680880
9.477896 -0.683031
9.481896 -0.684750
9.485897 -0.686036
9.489898 -0.686888
9.493899 -0.687306
9.497900 -0.687290
9.501900 -0.686840
9.505901 -0.685955
9.509902 -0.684638
9.513903 -0.682889
9.517904 -0.680709
9.521904 -0.678099
9.525905 -0.675062
9.529906 -0.671600
9.533907 -0.667714
9.537908 -0.663408
9.541908 -0.658684
9.545909 -0.653546
9.549910 -0.647996
9.553911 -0.642039
9.557912 -0.635678
9.561912 -0.628917
9.565913 -0.621762
9.569914 -0.614215
9.573915 -0.606284
9.577916 -0.597971
9.581916 -0.589284
9.585917 -0.580227
9.589918 -0.570806
9.593919 -0.561028
9.597920 -0.550899
9.601920 -0.540424
9.605921 -0.529612
9.609922 -0.518469
9.613923 -0.507001
9.617924 -0.495217
9.621924 -0.483124
9.625925 -0.470729
9.629926 -0.458041
9.633927 -0.445068
9.637928 -0.431817
9.641928 -0.418298
9.645929 -0.404519
9.649930 -0.390489
9.653931 -0.376216
9.657932 -0.361711
9.661932 -0.346981
9.665933 -0.332037
9.669934 -0.316888
9.673935 -0.301544
9.677936 -0.286013
9.681936 -0.270308
9.685937 -0.254436
9.689938 -0.238409
9.693939 -0.222236
9.697940 -0.205927
9.701940 -0.189494
9.705941 -0.172947
9.709942 -0.156295
9.713943 -0.139550
9.717944 -0.122722
9.721944 -0.105822
9.725945 -0.088860
9.729946 -0.071847
9.733947 -0.054795
9.737948 -0.037713
9.741948 -0.020613
9.745949 -0.003505
9.749950 0.013599
9.753951 0.030690
9.757952 0.047756
9.761952 0.064786
9.765953 0.081770
9.769954 0.098697
9.773955 0.115556
9.777956 0.132337
9.781956 0.149029
9.785957 0.165622
9.789958 0.182104
9.793959 0.198467
9.797960 0.214699
9.801960 0.230790
9.805961 0.246731
9.809962 0.262510
9.813963 0.278119
9.817964 0.293547
9.821964 0.308784
9.825965 0.323822
9.829966 0.338651
9.833967 0.353261
9.837968 0.367643
9.841968 0.381788
9.845969 0.395688
9.849970 0.409333
9.853971 0.422716
9.857972 0.435827
9.861972 0.448659
9.865973 0.461203
9.869974 0.473452
9.873975 0.485398
9.877976 0.497034
9.881976 0.508352
9.885977 0.519345
9.889978 0.530007
9.893979 0.540331
9.897980 0.550310
9.901980 0.559938
9.905981 0.569209
9.909982 0.578118
9.913983 0.586659
9.917984 0.594827
9.921984 0.602616
9.925985 0.610023
9.929986 0.617041
9.933987 0.623668
9.937988 0.629898
9.941988 0.635729
9.945989 0.641156
9.949990 0.646176
9.953991 0.650787
9.957992 0.654985
9.961992 0.658768
9.965993 0.662134
9.969994 0.665080
9.973995 0.667605
9.977996 0.669708
9.981996 0.671387
9.985997 0.672641
9.989998 0.673471
9.993999 0.673874
9.998000 0.673851
10.002000 0.673403
10.006001 0.672530
10.010002 0.671232
10.014003 0.669511
10.018004 0.667367
10.022004 0.664802
10.026005 0.661818
10.030006 0.658417
10.034007 0.654601
10.038008 0.650373
10.042008 0.645735
10.046009 0.640691
10.050010 0.635244
10.054011 0.629397
10.058012 0.623154
10.062012 0.616520
10.066013 0.609498
10.070014 0.602094
10.074015 0.594312
10.078016 0.586156
10.082016 0.577633
10.086017 0.568748
10.090018 0.559506
10.094019 0.549914
10.098020 0.539977
10.102020 0.529702
10.106021 0.519096
10.110022 0.508166
10.114023 0.496918
10.118024 0.485359
10.122024 0.473498
10.126025 0.461341
10.130026 0.448897
10.134027 0.436173
10.138028 0.423177
10.142028 0.409919
10.146029 0.396405
10.150030 0.382646
10.154031 0.368649
10.158032 0.354423
10.162032 0.339978
10.166033 0.325323
10.170034 0.310467
10.174035 0.295420
10.178036 0.280191
10.182036 0.264789
10.186037 0.249226
10.190038 0.233509
10.194039 0.217651
10.198040 0.201659
10.202040 0.185545
10.206041 0.169320
10.210042 0.152992
10.214043 0.136573
10.218044 0.120073
10.222044 0.103502
10.226045 0.086871
10.230046 0.070190
10.234047 0.053471
10.238048 0.036722
10.242048 0.019956
10.246049 0.003183
10.250050 -0.013587
10.254051 -0.030343
10.258052 -0.047075
10.262052 -0.063772
10.266053 -0.080423
10.270054 -0.097018
10.274055 -0.113547
10.278056 -0.129998
10.282056 -0.146363
10.286057 -0.162630
10.290058 -0.178788
10.294059 -0.194829
10.298060 -0.210742
10.302060 -0.226516
10.306061 -0.242143
10.310062 -0.257611
10.314063 -0.272912
10.318064 -0.288036
10.322064 -0.302973
10.326065 -0.317714
10.330066 -0.332249
10.334067 -0.346570
10.338068 -0.360668
10.342068 -0.374533
10.346069 -0.388157
10.350070 -0.401532
10.354071 -0.414649
10.358072 -0.427500
10.362072 -0.440077
10.366073 -0.452372
10.370074 -0.464377
10.374075 -0.476085
10.378076 -0.487488
10.382076 -0.498580
10.386077 -0.509354
10.390078 -0.519802
10.394079 -0.529919
10.398080 -0.539698
10.402080 -0.549132
10.406081 -0.558217
10.410082 -0.566947
10.414083 -0.575315
10.418084 -0.583318
10.422084 -0.590949
10.426085 -0.598205
10.430086 -0.605080
10.434087 -0.611572
10.438088 -0.617674
10.442088 -0.623385
10.446089 -0.628700
10.450090 -0.633616
10.454091 -0.638131
10.458092 -0.642241
10.462092 -0.645943
10.466093 -0.649237
10.470094 -0.652120
10.474095 -0.654589
10.478096 -0.656645
10.482096 -0.658285
10.486097 -0.659508
10.490098 -0.660315
10.494099 -0.660704
10.498100 -0.660676
10.502100 -0.660230
10.506101 -0.659367
10.510102 -0.658089
10.514103 -0.656395
10.518104 -0.654286
10.522104 -0.651765
10.526105 -0.648834
10.530106 -0.645493
10.534107 -0.641745
10.538108 -0.637594
10.542108 -0.633041
10.546109 -0.628089
10.550110 -0.622742
10.554111 -0.617004
10.558112 -0.610877
10.562112 -0.604367
10.566113 -0.597477
10.570114 -0.590212
10.574115 -0.582576
10.578116 -0.574574
10.582116 -0.566212
10.586117 -0.557495
10.590118 -0.548429
10.594119 -0.539019
10.598120 -0.529272
10.602120 -0.519193
10.606121 -0.508789
10.610122 -0.498068
10.614123 -0.487035
10.618124 -0.475698
10.622124 -0.464064
10.626125 -0.452141
10.630126 -0.439935
10.634127 -0.427456
10.638128 -0.414710
10.642128 -0.401707
10.646129 -0.388454
10.650130 -0.374960
10.654131 -0.361233
10.658132 -0.347282
10.662132 -0.333117
10.666133 -0.318745
10.670134 -0.304177
10.674135 -0.289421
10.678136 -0.274487
10.682136 -0.259384
10.686137 -0.244122
10.690138 -0.228711
10.694139 -0.213160
10.698140 -0.197479
10.702140 -0.181679
10.706141 -0.165768
10.710142 -0.149758
10.714143 -0.133659
10.718144 -0.117480
10.722144 -0.101232
10.726145 -0.084926
10.730146 -0.068570
10.734147 -0.052177
10.738148 -0.035756
10.742148 -0.019317
10.746149 -0.002872
10.750150 0.013570
10.754151 0.029999
10.758152 0.046403
10.762152 0.062773
10.766153 0.079098
10.770154 0.095367
10.774155 0.111572
10.778156 0.127701
10.782156 0.143744
10.786157 0.159691
10.790158 0.175532
10.794159 0.191258
10.798160 0.206857
10.802160 0.222321
10.806161 0.237640
10.810162 0.252804
10.814163 0.267803
10.818164 0.282628
10.822164 0.297271
10.826165 0.311720
10.830166 0.325969
10.834167 0.340006
10.838168 0.353825
10.842168 0.367416
10.846169 0.380770
10.850170 0.393880
10.854171 0.406736
10.858172 0.419332
10.862172 0.431659
10.866173 0.443709
10.870174 0.455475
10.874175 0.466950
10.878176 0.478126
10.882176 0.488996
10.886177 0.499554
10.890178 0.509794
10.894179 0.519708
10.898180 0.529290
10.902180 0.538535
10.906181 0.547438
10.910182 0.555991
10.914183 0.564191
10.918184 0.572031
10.922184 0.579508
10.926185 0.586616
10.930186 0.593352
10.934187 0.599710
10.938188 0.605688
10.942188 0.611281
10.946189 0.616486
10.950190 0.621300
10.954191 0.625721
10.958192 0.629744
10.962192 0.633369
10.966193 0.636592
10.970194 0.639412
10.974195 0.641827
10.978196 0.643836
10.982196 0.645438
10.986197 0.646631
10.990198 0.647416
10.994199 0.647791
10.998200 0.647757
11.002200 0.647314
11.006201 0.646462
11.010202 0.645202
11.014203 0.643535
11.018204 0.641462
11.022204 0.638984
11.026205 0.636104
11.030206 0.632822
11.034207 0.629142
11.038208 0.625066
11.042208 0.620596
11.046209 0.615735
11.050210 0.610487
11.054211 0.604855
11.058212 0.598842
11.062212 0.592454
11.066213 0.585693
11.070214 0.578564
11.074215 0.571072
11.078216 0.563221
11.082216 0.555018
11.086217 0.546466
11.090218 0.537571
11.094219 0.528340
11.098220 0.518779
11.102220 0.508892
11.106221 0.498687
11.110222 0.488170
11.114223 0.477349
11.118224 0.466229
11.122224 0.454818
11.126225 0.443123
11.130226 0.431152
11.134227 0.418913
11.138228 0.406413
11.142228 0.393660
11.146229 0.380662
11.150230 0.367428
11.154231 0.353966
11.158232 0.340285
11.162232 0.326393
11.166233 0.312300
11.170234 0.298013
11.174235 0.283543
11.178236 0.268898
11.182236 0.254088
11.186237 0.239122
11.190238 0.224010
11.194239 0.208761
11.198240 0.193385
11.202240 0.177892
11.206241 0.162291
11.210242 0.146593
11.214243 0.130807
11.218244 0.114943
11.222244 0.099012
11.226245 0.083023
11.230246 0.066987
11.234247 0.050914
11.238248 0.034813
11.242248 0.018696
11.246249 0.002572
11.250250 -0.013549
11.254251 -0.029656
11.258252 -0.045739
11.262252 -0.061788
11.266253 -0.077793
11.270254 -0.093744
11.274255 -0.109631
11.278256 -0.125443
11.282256 -0.141171
11.286257 -0.156805
11.290258 -0.172335
11.294259 -0.187751
11.298260 -0.203044
11.302260 -0.218204
11.306261 -0.233221
11.310262 -0.248086
11.314263 -0.262789
11.318264 -0.277322
11.322264 -0.291675
11.326265 -0.305840
11.330266 -0.319806
11.334267 -0.333567
11.338268 -0.347112
11.342268 -0.360433
11.346269 -0.373523
11.350270 -0.386373
11.354271 -0.398974
11.358272 -0.411320
11.362272 -0.423402
11.366273 -0.435212
11.370274 -0.446744
11.374275 -0.457990
11.378276 -0.468943
11.382276 -0.479596
11.386277 -0.489944
11.390278 -0.499978
11.394279 -0.509693
11.398280 -0.519083
11.402280 -0.528143
11.406281 -0.536866
11.410282 -0.545247
11.414283 -0.553281
11.418284 -0.560963
11.422284 -0.568288
11.426285 -0.575252
11.430286 -0.581850
11.434287 -0.588079
11.438288 -0.593934
11.442288 -0.599412
11.446289 -0.604510
11.450290 -0.609224
11.454291 -0.613552
11.458292 -0.617491
11.462292 -0.621038
11.466293 -0.624193
11.470294 -0.626952
11.474295 -0.629314
11.478296 -0.631277
11.482296 -0.632842
11.486297 -0.634006
11.490298 -0.634769
11.494299 -0.635131
11.498300 -0.635092
11.502300 -0.634651
11.506301 -0.633810
11.510302 -0.632568
11.514303 -0.630928
11.518304 -0.628889
11.522304 -0.626454
11.526305 -0.623624
11.530306 -0.620400
11.534307 -0.616786
11.538308 -0.612784
11.542308 -0.608395
11.546309 -0.603624
11.550310 -0.598472
11.554311 -0.592945
11.558312 -0.587044
11.562312 -0.580775
11.566313 -0.574141
11.570314 -0.567146
11.574315 -0.559795
11.578316 -0.552092
11.582316 -0.544044
11.586317 -0.535654
11.590318 -0.526929
11.594319 -0.517873
11.598320 -0.508493
11.602320 -0.498795
11.606321 -0.488785
11.610322 -0.478469
11.614323 -0.467855
11.618324 -0.456948
11.622324 -0.445756
11.626325 -0.434286
11.630326 -0.422545
11.634327 -0.410541
11.638328 -0.398281
11.642328 -0.385774
11.646329 -0.373027
11.650330 -0.360048
11.654331 -0.346846
11.658332 -0.333429
11.662332 -0.319805
11.666333 -0.305984
11.670334 -0.291974
11.674335 -0.277784
11.678336 -0.263423
11.682336 -0.248900
11.686337 -0.234225
11.690338 -0.219406
11.694339 -0.204453
11.698340 -0.189376
11.702340 -0.174184
11.706341 -0.158887
11.710342 -0.143494
11.714343 -0.128015
11.718344 -0.112461
11.722344 -0.096840
11.726345 -0.081163
11.730346 -0.065440
11.734347 -0.049680
11.738348 -0.033894
11.742348 -0.018091
11.746349 -0.002282
11.750350 0.013523
11.754351 0.029315
11.758352 0.045083
11.762352 0.060818
11.766353 0.076510
11.770354 0.092148
11.774355 0.107723
11.778356 0.123225
11.782356 0.138644
11.786357 0.153971
11.790358 0.169196
11.794359 0.184309
11.798360 0.199301
11.802360 0.214162
11.806361 0.228884
11.810362 0.243456
11.814363 0.257869
11.818364 0.272115
11.822364 0.286185
11.826365 0.300070
11.830366 0.313760
11.834367 0.327249
11.838368 0.340526
11.842368 0.353584
11.846369 0.366414
11.850370 0.379009
11.854371 0.391360
11.858372 0.403461
11.862372 0.415302
11.866373 0.426878
11.870374 0.438180
11.874375 0.449202
11.878376 0.459936
11.882376 0.470377
11.886377 0.480517
11.890378 0.490351
11.894379 0.499872
11.898380 0.509073
11.902380 0.517951
11.906381 0.526498
11.910382 0.534710
11.914383 0.542582
11.918384 0.550108
11.922384 0.557285
11.926385 0.564107
11.930386 0.570571
11.934387 0.576673
11.938388 0.582408
11.942388 0.587773
11.946389 0.592766
11.950390 0.597382
11.954391 0.601619
11.958392 0.605476
11.962392 0.608948
11.966393 0.612035
11.970394 0.614734
11.974395 0.617044
11.978396 0.618963
11.982396 0.620491
11.986397 0.621627
11.990398 0.622369
11.994399 0.622718
11.998400 0.622673
12.002400 0.622236
12.006401 0.621405
12.010402 0.620182
12.014403 0.618567
12.018404 0.616563
12.022404 0.614169
12.026405 0.611388
12.030406 0.608222
12.034407 0.604673
12.038408 0.600743
12.042408 0.596434
12.046409 0.591751
12.050410 0.586694
12.054411 0.581269
12.058412 0.575479
12.062412 0.569326
12.066413 0.562816
12.070414 0.555953
12.074415 0.548740
12.078416 0.541183
12.082416 0.533287
12.086417 0.525056
12.090418 0.516496
12.094419 0.507613
12.098420 0.498412
12.102420 0.488899
12.106421 0.479080
12.110422 0.468961
12.114423 0.458550
12.118424 0.447852
12.122424 0.436874
12.126425 0.425624
12.130426 0.414109
12.134427 0.402335
12.138428 0.390312
12.142428 0.378045
12.146429 0.365544
12.150430 0.352815
12.154431 0.339868
12.158432 0.326710
12.162432 0.313350
12.166433 0.299797
12.170434 0.286058
12.174435 0.272142
12.178436 0.258060
12.182436 0.243818
12.186437 0.229427
12.190438 0.214896
12.194439 0.200234
12.198440 0.185450
12.202440 0.170553
12.206441 0.155553
12.210442 0.140460
12.214443 0.125283
12.218444 0.110031
12.222444 0.094715
12.226445 0.079343
12.230446 0.063927
12.234447 0.048475
12.238448 0.032997
12.242448 0.017503
12.246449 0.002003
12.250450 -0.013493
12.254451 -0.028976
12.258452 -0.044436
12.262452 -0.059862
12.266453 -0.075246
12.270454 -0.090578
12.274455 -0.105848
12.278456 -0.121045
12.282456 -0.136162
12.286457 -0.151188
12.290458 -0.166114
12.294459 -0.180930
12.298460 -0.195627
12.302460 -0.210195
12.306461 -0.224627
12.310462 -0.238912
12.314463 -0.253041
12.318464 -0.267006
12.322464 -0.280798
12.326465 -0.294409
12.330466 -0.307829
12.334467 -0.321050
12.338468 -0.334065
12.342468 -0.346864
12.346469 -0.359440
12.350470 -0.371785
12.354471 -0.383891
12.358472 -0.395751
12.362472 -0.407358
12.366473 -0.418703
12.370474 -0.429780
12.374475 -0.440582
12.378476 -0.451103
12.382476 -0.461335
12.386477 -0.471272
12.390478 -0.480909
12.394479 -0.490239
12.398480 -0.499256
12.402480 -0.507955
12.406481 -0.516331
12.410482 -0.524377
12.414483 -0.532090
12.418484 -0.539464
12.422484 -0.546495
12.426485 -0.553179
12.430486 -0.559511
12.434487 -0.565488
12.438488 -0.571105
12.442488 -0.576360
12.446489 -0.581250
12.450490 -0.585770
12.454491 -0.589919
12.458492 -0.593694
12.462492 -0.597093
12.466493 -0.600114
12.470494 -0.602754
12.474495 -0.605013
12.478496 -0.606890
12.482496 -0.608382
12.486497 -0.609489
12.490498 -0.610211
12.494499 -0.610547
12.498500 -0.610498
12.502501 -0.610063
12.506501 -0.609242
12.510502 -0.608037
12.514503 -0.606449
12.518504 -0.604477
12.522505 -0.602125
12.526505 -0.599393
12.530506 -0.596283
12.534507 -0.592797
12.538508 -0.588938
12.542509 -0.584709
12.546509 -0.580111
12.550510 -0.575148
12.554511 -0.569824
12.558512 -0.564141
12.562513 -0.558103
12.566513 -0.551715
12.570514 -0.544981
12.574515 -0.537904
12.578516 -0.530490
12.582517 -0.522743
12.586517 -0.514668
12.590518 -0.506271
12.594519 -0.497556
12.598520 -0.488530
12.602521 -0.479198
12.606521 -0.469567
12.610522 -0.459642
12.614523 -0.449429
12.618524 -0.438936
12.622525 -0.428169
12.626525 -0.417135
12.630526 -0.405841
12.634527 -0.394294
12.638528 -0.382502
12.642529 -0.370472
12.646529 -0.358211
12.650530 -0.345728
12.654531 -0.333031
12.658532 -0.320127
12.662533 -0.307025
12.666533 -0.293734
12.670534 -0.280261
12.674535 -0.266615
12.678536 -0.252805
12.682537 -0.238840
12.686537 -0.224728
12.690538 -0.210479
12.694539 -0.196101
12.698540 -0.181604
12.702541 -0.166997
12.706541 -0.152289
12.710542 -0.137490
12.714543 -0.122608
12.718544 -0.107653
12.722545 -0.092636
12.726545 -0.077564
12.730546 -0.062448
12.734547 -0.047298
12.738548 -0.032122
12.742549 -0.016931
12.746549 -0.001734
12.750550 0.013459
12.754551 0.028639
12.758552 0.043796
12.762553 0.058921
12.766553 0.074003
12.770554 0.089034
12.774555 0.104005
12.778556 0.118904
12.782557 0.133724
12.786557 0.148455
12.790558 0.163087
12.794559 0.177612
12.798560 0.192020
12.802561 0.206302
12.806561 0.220449
12.810562 0.234452
12.814563 0.248303
12.818564 0.261993
12.822565 0.275513
12.826565 0.288854
12.830566 0.302009
12.834567 0.314969
12.838568 0.327726
12.842569 0.340272
12.846569 0.352599
12.850570 0.364699
12.854571 0.376565
12.858572 0.388189
12.862573 0.399565
12.866573 0.410684
12.870574 0.421541
12.874575 0.432128
12.878576 0.442439
12.882577 0.452466
12.886577 0.462205
12.890578 0.471649
12.894579 0.480792
12.898580 0.489628
12.902581 0.498152
12.906581 0.506359
12.910582 0.514244
12.914583 0.521801
12.918584 0.529026
12.922585 0.535914
12.926585 0.542462
12.930586 0.548665
12.934587 0.554520
12.938588 0.560022
12.942589 0.565169
12.946589 0.569957
12.950590 0.574384
12.954591 0.578446
12.958592 0.582142
12.962593 0.585469
12.966593 0.588425
12.970594 0.591008
12.974595 0.593217
12.978596 0.595051
12.982597 0.596508
12.986597 0.597588
12.990598 0.598291
12.994599 0.598615
12.998600 0.598560
13.002601 0.598128
13.006601 0.597318
13.010602 0.596131
13.014603 0.594568
13.018604 0.592629
13.022605 0.590317
13.026605 0.587633
13.030606 0.584578
13.034607 0.581155
13.038608 0.577366
13.042609 0.573213
13.046609 0.568700
13.050610 0.563829
13.054611 0.558603
13.058612 0.553026
13.062613 0.547101
13.066613 0.540833
13.070614 0.534225
13.074615 0.527282
13.078616 0.520007
13.082617 0.512407
13.086617 0.504485
13.090618 0.496247
13.094619 0.487698
13.098620 0.478844
13.102621 0.469690
13.106621 0.460243
13.110622 0.450507
13.114623 0.440490
13.118624 0.430198
13.122625 0.419638
13.126625 0.408815
13.130626 0.397738
13.134627 0.386413
13.138628 0.374848
13.142629 0.363049
13.146629 0.351025
13.150630 0.338783
13.154631 0.326331
13.158632 0.313677
13.162633 0.300828
13.166633 0.287793
13.170634 0.274581
13.174635 0.261200
13.178636 0.247657
13.182637 0.233963
13.186637 0.220125
13.190638 0.206152
13.194639 0.192054
13.198640 0.177838
13.202641 0.163515
13.206641 0.149093
13.210642 0.134582
13.214643 0.119990
13.218644 0.105327
13.222645 0.090602
13.226645 0.075824
13.230646 0.061003
13.234647 0.046148
13.238648 0.031269
13.242649 0.016375
13.246649 0.001475
13.250650 -0.013421
13.254651 -0.028304
13.258652 -0.043165
13.262653 -0.057993
13.266653 -0.072780
13.270654 -0.087517
13.274655 -0.102193
13.278656 -0.116800
13.282657 -0.131329
13.286657 -0.145771
13.290658 -0.160115
13.294659 -0.174354
13.298660 -0.188479
13.302661 -0.202480
13.306661 -0.216348
13.310662 -0.230076
13.314663 -0.243654
13.318664 -0.257073
13.322665 -0.270326
13.326665 -0.283404
13.330666 -0.296299
13.334667 -0.309003
13.338668 -0.321507
13.342669 -0.333805
13.346669 -0.345887
13.350670 -0.357748
13.354671 -0.369378
13.358672 -0.380772
13.362673 -0.391921
13.366673 -0.402820
13.370674 -0.413460
13.374675 -0.423836
13.378676 -0.433941
13.382677 -0.443768
13.386677 -0.453312
13.390678 -0.462567
13.394679 -0.471527
13.398680 -0.480186
13.402681 -0.488539
13.406681 -0.496580
13.410682 -0.504306
13.414683 -0.511710
13.418684 -0.518789
13.422685 -0.525538
13.426685 -0.531953
13.430686 -0.538029
13.434687 -0.543764
13.438688 -0.549154
13.442689 -0.554195
13.446689 -0.558884
13.450690 -0.563219
13.454691 -0.567196
13.458692 -0.570815
13.462693 -0.574071
13.466693 -0.576964
13.470694 -0.579491
13.474695 -0.581651
13.478696 -0.583444
13.482697 -0.584867
13.486697 -0.585920
13.490698 -0.586603
13.494699 -0.586915
13.498700 -0.586856
13.502701 -0.586427
13.506701 -0.585627
13.510702 -0.584457
13.514703 -0.582919
13.518704 -0.581013
13.522705 -0.578741
13.526705 -0.576103
13.530706 -0.573103
13.534707 -0.569741
13.538708 -0.566021
13.542709 -0.561944
13.546709 -0.557514
13.550710 -0.552732
13.554711 -0.547603
13.558712 -0.542130
13.562713 -0.536316
13.566713 -0.530165
13.570714 -0.523682
13.574715 -0.516869
13.578716 -0.509732
13.582717 -0.502275
13.586717 -0.494504
13.590718 -0.486422
13.594719 -0.478036
13.598720 -0.469350
13.602721 -0.460371
13.606721 -0.451104
13.610722 -0.441554
13.614723 -0.431729
13.618724 -0.421634
13.622725 -0.411276
13.626725 -0.400662
13.630726 -0.389797
13.634727 -0.378690
13.638728 -0.367347
13.642729 -0.355776
13.646729 -0.343984
13.650730 -0.331978
13.654731 -0.319766
13.658732 -0.307356
13.662733 -0.294755
13.666733 -0.281973
13.670734 -0.269016
13.674735 -0.255894
13.678736 -0.242614
13.682737 -0.229185
13.686737 -0.215616
13.690738 -0.201914
13.694739 -0.188089
13.698740 -0.174150
13.702741 -0.160106
13.706741 -0.145964
13.710742 -0.131735
13.714743 -0.117427
13.718744 -0.103050
13.722745 -0.088612
13.726745 -0.074122
13.730746 -0.059590
13.734747 -0.045026
13.738748 -0.030437
13.742749 -0.015834
13.746749 -0.001225
13.750750 0.013380
13.754751 0.027972
13.758752 0.042541
13.762753 0.057079
13.766753 0.071576
13.770754 0.086024
13.774755 0.100413
13.778756 0.114733
13.782757 0.128977
13.786757 0.143135
13.790758 0.157197
13.794759 0.171156
13.798760 0.185003
13.802761 0.198728
13.806761 0.212324
13.810762 0.225781
13.814763 0.239091
13.818764 0.252246
13.822765 0.265237
13.826765 0.278057
13.830766 0.290697
13.834767 0.303149
13.838768 0.315406
13.842769 0.327460
13.846769 0.339303
13.850770 0.350929
13.854771 0.362328
13.858772 0.373496
13.862773 0.384423
13.866773 0.395105
13.870774 0.405534
13.874775 0.415703
13.878776 0.425606
13.882777 0.435237
13.886777 0.444591
13.890778 0.453660
13.894779 0.462440
13.898780 0.470925
13.902781 0.479110
13.906781 0.486990
13.910782 0.494560
13.914783 0.501815
13.918784 0.508750
13.922785 0.515362
13.926785 0.521647
13.930786 0.527600
13.934787 0.533217
13.938788 0.538496
13.942789 0.543434
13.946789 0.548026
13.950790 0.552271
13.954791 0.556165
13.958792 0.559707
13.962793 0.562895
13.966793 0.565725
13.970794 0.568198
13.974795 0.570311
13.978796 0.572062
13.982797 0.573452
13.986797 0.574480
13.990798 0.575144
13.994799 0.575444
13.998800 0.575381
14.002801 0.574954
14.006801 0.574165
14.010802 0.573012
14.014803 0.571499
14.018804 0.569624
14.022805 0.567391
14.026805 0.564800
14.030806 0.561853
14.034807 0.558551
14.038808 0.554898
14.042809 0.550896
14.046809 0.546547
14.050810 0.541854
14.054811 0.536820
14.058812 0.531449
14.062813 0.525744
14.066813 0.519708
14.070814 0.513346
14.074815 0.506662
14.078816 0.499660
14.082817 0.492344
14.086817 0.484720
14.090818 0.476792
14.094819 0.468565
14.098820 0.460045
14.102821 0.451236
14.106821 0.442146
14.110822 0.432779
14.114823 0.423142
14.118824 0.413240
14.122825 0.403081
14.126825 0.392670
14.130826 0.382015
14.134827 0.371121
14.138828 0.359996
14.142829 0.348648
14.146829 0.337083
14.150830 0.325308
14.154831 0.313332
14.158832 0.301162
14.162833 0.288805
14.166833 0.276270
14.170834 0.263564
14.174835 0.250696
14.178836 0.237673
14.182837 0.224505
14.186837 0.211198
14.190838 0.197763
14.194839 0.184207
14.198840 0.170539
14.202841 0.156767
14.206841 0.142901
14.210842 0.128948
14.214843 0.114919
14.218844 0.100822
14.222845 0.086665
14.226845 0.072458
14.230846 0.058210
14.234847 0.043929
14.238848 0.029625
14.242849 0.015307
14.246849 0.000984
14.250850 -0.013335
14.254851 -0.027641
14.258852 -0.041925
14.262853 -0.056179
14.266853 -0.070392
14.270854 -0.084556
14.274855 -0.098663
14.278856 -0.112702
14.282857 -0.126666
14.286857 -0.140546
14.290858 -0.154332
14.294859 -0.168017
14.298860 -0.181591
14.302861 -0.195046
14.306861 -0.208374
14.310862 -0.221566
14.314863 -0.234613
14.318864 -0.247509
14.322865 -0.260244
14.326865 -0.272810
14.330866 -0.285201
14.334867 -0.297407
14.338868 -0.309421
14.342869 -0.321236
14.346869 -0.332845
14.350870 -0.344239
14.354871 -0.355413
14.358872 -0.366359
14.362873 -0.377069
14.366873 -0.387538
14.370874 -0.397759
14.374875 -0.407726
14.378876 -0.417431
14.382877 -0.426870
14.386877 -0.436037
14.390878 -0.444925
14.394879 -0.453529
14.398880 -0.461844
14.402881 -0.469864
14.406881 -0.477585
14.410882 -0.485002
14.414883 -0.492111
14.418884 -0.498906
14.422885 -0.505384
14.426885 -0.511540
14.430886 -0.517372
14.434887 -0.522875
14.438888 -0.528046
14.442889 -0.532881
14.446889 -0.537379
14.450890 -0.541536
14.454891 -0.545349
14.458892 -0.548816
14.462893 -0.551936
14.466893 -0.554706
14.470894 -0.557125
14.474895 -0.559191
14.478896 -0.560903
14.482897 -0.562261
14.486897 -0.563262
14.490898 -0.563908
14.494899 -0.564197
14.498900 -0.564130
14.502901 -0.563706
14.506901 -0.562926
14.510902 -0.561792
14.514903 -0.560302
14.518904 -0.558459
14.522905 -0.556264
14.526905 -0.553718
14.530906 -0.550823
14.534907 -0.547581
14.538908 -0.543995
14.542909 -0.540065
14.546909 -0.535796
14.550910 -0.531190
14.554911 -0.526250
14.558912 -0.520978
14.562913 -0.515380
14.566913 -0.509457
14.570914 -0.503215
14.574915 -0.496656
14.578916 -0.489786
14.582917 -0.482609
14.586917 -0.475129
14.590918 -0.467351
14.594919 -0.459281
14.598920 -0.450923
14.602921 -0.442283
14.606921 -0.433366
14.610922 -0.424178
14.614923 -0.414725
14.618924 -0.405014
14.622925 -0.395049
14.626925 -0.384838
14.630926 -0.374387
14.634927 -0.363703
14.638928 -0.352793
14.642929 -0.341663
14.646929 -0.330321
14.650930 -0.318773
14.654931 -0.307028
14.658932 -0.295093
14.662933 -0.282975
14.666933 -0.270682
14.670934 -0.258222
14.674935 -0.245603
14.678936 -0.232833
14.682937 -0.219920
14.686937 -0.206872
14.690938 -0.193697
14.694939 -0.180404
14.698940 -0.167001
14.702941 -0.153497
14.706941 -0.139901
14.710942 -0.126220
14.714943 -0.112464
14.718944 -0.098641
14.722945 -0.084760
14.726945 -0.070830
14.730946 -0.056860
14.734947 -0.042858
14.738948 -0.028834
14.742949 -0.014796
14.746949 -0.000753
14.750950 0.013287
14.754951 0.027313
14.758952 0.041317
14.762953 0.055292
14.766953 0.069226
14.770954 0.083113
14.774955 0.096943
14.778956 0.110707
14.782957 0.124397
14.786957 0.138004
14.790958 0.151519
14.794959 0.164935
14.798960 0.178242
14.802961 0.191432
14.806961 0.204497
14.810962 0.217429
14.814963 0.230220
14.818964 0.242861
14.822965 0.255344
14.826965 0.267663
14.830966 0.279808
14.834967 0.291773
14.838968 0.303549
14.842969 0.315131
14.846969 0.326509
14.850970 0.337678
14.854971 0.348630
14.858972 0.359358
14.862973 0.369855
14.866973 0.380116
14.870974 0.390134
14.874975 0.399901
14.878976 0.409413
14.882977 0.418664
14.886977 0.427647
14.890978 0.436357
14.894979 0.444789
14.898980 0.452937
14.902981 0.460796
14.906981 0.468362
14.910982 0.475629
14.914983 0.482594
14.918984 0.489252
14.922985 0.495598
14.926985 0.501630
14.930986 0.507343
14.934987 0.512733
14.938988 0.517798
14.942989 0.522534
14.946989 0.526938
14.950990 0.531009
14.954991 0.534742
14.958992 0.538137
14.962993 0.541191
14.966993 0.543901
14.970994 0.546268
14.974995 0.548288
14.978996 0.549962
14.982997 0.551287
14.986997 0.552264
14.990998 0.552892
14.994999 0.553170
14.999000 0.553099
15.003001 0.552678
15.007001 0.551908
15.011002 0.550790
15.015003 0.549325
15.019004 0.547512
15.023005 0.545355
15.027005 0.542854
15.031006 0.540010
15.035007 0.536827
15.039008 0.533305
15.043009 0.529447
15.047009 0.525257
15.051010 0.520735
15.055011 0.515887
15.059012 0.510714
15.063013 0.505220
15.067013 0.499408
15.071014 0.493283
15.075015 0.486848
15.079016 0.480108
15.083017 0.473066
15.087017 0.465728
15.091018 0.458098
15.095019 0.450181
15.099020 0.441982
15.103021 0.433507
15.107021 0.424760
15.111022 0.415748
15.115023 0.406476
15.119024 0.396951
15.123025 0.387177
15.127025 0.377162
15.131026 0.366912
15.135027 0.356433
15.139028 0.345733
15.143029 0.334817
15.147029 0.323694
15.151030 0.312369
15.155031 0.300851
15.159032 0.289146
15.163033 0.277263
15.167033 0.265207
15.171034 0.252989
15.175035 0.240614
15.179036 0.228091
15.183037 0.215428
15.187037 0.202633
15.191038 0.189714
15.195039 0.176679
15.199040 0.163537
15.203041 0.150296
15.207041 0.136964
15.211042 0.123549
15.215043 0.110061
15.219044 0.096507
15.223045 0.082897
15.227045 0.069239
15.231046 0.055541
15.235047 0.041813
15.239048 0.028062
15.243049 0.014298
15.247049 0.000530
15.251050 -0.013235
15.255051 -0.026987
15.259052 -0.040717
15.263053 -0.054418
15.267053 -0.068080
15.271054 -0.081694
15.275055 -0.095252
15.279056 -0.108747
15.283057 -0.122168
15.287057 -0.135507
15.291058 -0.148757
15.295059 -0.161909
15.299060 -0.174954
15.303061 -0.187885
15.307061 -0.200693
15.311062 -0.213370
15.315063 -0.225908
15.319064 -0.238300
15.323065 -0.250537
15.327065 -0.262612
15.331066 -0.274517
15.335067 -0.286245
15.339068 -0.297789
15.343069 -0.309141
15.347069 -0.320294
15.351070 -0.331241
15.355071 -0.341975
15.359072 -0.352490
15.363073 -0.362779
15.367073 -0.372836
15.371074 -0.382654
15.375075 -0.392227
15.379076 -0.401549
15.383077 -0.410615
15.387077 -0.419419
15.391078 -0.427954
15.395079 -0.436217
15.399080 -0.444201
15.403081 -0.451903
15.407081 -0.459316
15.411082 -0.466437
15.415083 -0.473262
15.419084 -0.479785
15.423085 -0.486002
15.427085 -0.491911
15.431086 -0.497508
15.435087 -0.502788
15.439088 -0.507749
15.443089 -0.512387
15.447089 -0.516701
15.451090 -0.520687
15.455091 -0.524342
15.459092 -0.527665
15.463093 -0.530654
15.467093 -0.533307
15.471094 -0.535622
15.475095 -0.537598
15.479096 -0.539233
15.483097 -0.540528
15.487097 -0.541480
15.491098 -0.542091
15.495099 -0.542358
15.499100 -0.542283
15.503101 -0.541865
15.507101 -0.541106
15.511102 -0.540004
15.515103 -0.538562
15.519104 -0.536780
15.523105 -0.534660
15.527105 -0.532202
15.531106 -0.529410
15.535107 -0.526283
15.539108 -0.522825
15.543109 -0.519038
15.547109 -0.514924
15.551110 -0.510487
15.555111 -0.505728
15.559112 -0.500651
15.563113 -0.495260
15.567113 -0.489557
15.571114 -0.483547
15.575115 -0.477234
15.579116 -0.470620
15.583117 -0.463712
15.587117 -0.456513
15.591118 -0.449028
15.595119 -0.441262
15.599120 -0.433219
15.603121 -0.424905
15.607121 -0.416326
15.611122 -0.407486
15.615123 -0.398391
15.619124 -0.389048
15.623125 -0.379462
15.627125 -0.369639
15.631126 -0.359586
15.635127 -0.349309
15.639128 -0.338814
15.643129 -0.328109
15.647129 -0.317200
15.651130 -0.306094
15.655131 -0.294798
15.659132 -0.283319
15.663133 -0.271665
15.667133 -0.259843
15.671134 -0.247861
15.675135 -0.235726
15.679136 -0.223446
15.683137 -0.211028
15.687137 -0.198481
15.691138 -0.185813
15.695139 -0.173032
15.699140 -0.160145
15.703141 -0.147161
15.707141 -0.134088
15.711142 -0.120935
15.715143 -0.107709
15.719144 -0.094419
15.723145 -0.081074
15.727145 -0.067683
15.731146 -0.054252
15.735147 -0.040792
15.739148 -0.027310
15.743149 -0.013815
15.747149 -0.000315
15.751150 0.013180
15.755151 0.026663
15.759152 0.040125
15.763153 0.053557
15.767153 0.066951
15.771154 0.080299
15.775155 0.093591
15.779156 0.106820
15.783157 0.119978
15.787157 0.133056
15.791158 0.146045
15.795159 0.158938
15.799160 0.171727
15.803161 0.184403
15.807161 0.196959
15.811162 0.209386
15.815163 0.221677
15.819164 0.233824
15.823165 0.245820
15.827165 0.257656
15.831166 0.269326
15.835167 0.280823
15.839168 0.292138
15.843169 0.303265
15.847169 0.314197
15.851170 0.324927
15.855171 0.335448
15.859172 0.345754
15.863173 0.355839
15.867173 0.365695
15.871174 0.375318
15.875175 0.384700
15.879176 0.393836
15.883177 0.402721
15.887177 0.411348
15.891178 0.419713
15.895179 0.427810
15.899180 0.435635
15.903181 0.443181
15.907181 0.450446
15.911182 0.457423
15.915183 0.464109
15.919184 0.470500
15.923185 0.476592
15.927185 0.482381
15.931186 0.487863
15.935187 0.493035
15.939188 0.497895
15.943189 0.502438
15.947189 0.506662
15.951190 0.510565
15.955191 0.514144
15.959192 0.517397
15.963193 0.520323
15.967193 0.522919
15.971194 0.525183
15.975195 0.527116
15.979196 0.528714
15.983197 0.529978
15.987197 0.530907
15.991198 0.531500
15.995199 0.531758
15.999200 0.531679
16.003201 0.531264
16.007201 0.530514
16.011202 0.529430
16.015203 0.528011
16.019204 0.526259
16.023205 0.524175
16.027205 0.521760
16.031206 0.519017
16.035207 0.515947
16.039208 0.512551
16.043209 0.508834
16.047209 0.504795
16.051210 0.500440
16.055211 0.495769
16.059212 0.490787
16.063213 0.485496
16.067213 0.479900
16.071214 0.474003
16.075215 0.467809
16.079216 0.461321
16.083217 0.454543
16.087217 0.447480
16.091218 0.440137
16.095219 0.432519
16.099220 0.424629
16.103221 0.416474
16.107221 0.408058
16.111222 0.399387
16.115223 0.390467
16.119224 0.381302
16.123225 0.371900
16.127225 0.362266
16.131226 0.352406
16.135227 0.342326
16.139228 0.332034
16.143229 0.321535
16.147229 0.310836
16.151230 0.299944
16.155231 0.288866
16.159232 0.277609
16.163233 0.266180
16.167233 0.254587
16.171234 0.242837
16.175235 0.230937
16.179236 0.218895
16.183237 0.206718
16.187237 0.194415
16.191238 0.181992
16.195239 0.169459
16.199240 0.156822
16.203241 0.144091
16.207241 0.131272
16.211242 0.118375
16.215243 0.105407
16.219244 0.092376
16.223245 0.079291
16.227245 0.066161
16.231246 0.052992
16.235247 0.039794
16.239248 0.026576
16.243249 0.013344
16.247249 0.000109
16.251250 -0.013123
16.255251 -0.026342
16.259252 -0.039540
16.263253 -0.052709
16.267253 -0.065841
16.271254 -0.078927
16.275255 -0.091958
16.279256 -0.104928
16.283257 -0.117827
16.287257 -0.130648
16.291258 -0.143382
16.295259 -0.156022
16.299260 -0.168559
16.303261 -0.180986
16.307261 -0.193294
16.311262 -0.205476
16.315263 -0.217525
16.319264 -0.229432
16.323265 -0.241191
16.327265 -0.252794
16.331266 -0.264233
16.335267 -0.275502
16.339268 -0.286593
16.343269 -0.297500
16.347269 -0.308216
16.351270 -0.318733
16.355271 -0.329045
16.359272 -0.339147
16.363273 -0.349031
16.367273 -0.358691
16.371274 -0.368122
16.375275 -0.377317
16.379276 -0.386271
16.383277 -0.394979
16.387277 -0.403434
16.391278 -0.411631
16.395279 -0.419566
16.399280 -0.427233
16.403281 -0.434628
16.407281 -0.441746
16.411282 -0.448583
16.415283 -0.455134
16.419284 -0.461396
16.423285 -0.467364
16.427285 -0.473035
16.431286 -0.478405
16.435287 -0.483472
16.439288 -0.488232
16.443289 -0.492681
16.447289 -0.496818
16.451290 -0.500640
16.455291 -0.504144
16.459292 -0.507329
16.463293 -0.510193
16.467293 -0.512733
16.471294 -0.514948
16.475295 -0.516838
16.479296 -0.518400
16.483297 -0.519635
16.487297 -0.520540
16.491298 -0.521117
16.495299 -0.521364
16.499300 -0.521282
16.503301 -0.520871
16.507301 -0.520130
16.511302 -0.519062
16.515303 -0.517666
16.519304 -0.515943
16.523305 -0.513895
16.527305 -0.511523
16.531306 -0.508828
16.535307 -0.505813
16.539308 -0.502479
16.543309 -0.498829
16.547309 -0.494865
16.551310 -0.490590
16.555311 -0.486006
16.559312 -0.481117
16.563313 -0.475925
16.567313 -0.470434
16.571314 -0.464648
16.575315 -0.458570
16.579316 -0.452204
16.583317 -0.445555
16.587317 -0.438626
16.591318 -0.431423
16.595319 -0.423949
16.599320 -0.416210
16.603321 -0.408210
16.607321 -0.399955
16.611322 -0.391450
16.615323 -0.382700
16.619324 -0.373711
16.623325 -0.364489
16.627325 -0.355040
16.631326 -0.345369
16.635327 -0.335484
16.639328 -0.325389
16.643329 -0.315092
16.647329 -0.304599
16.651330 -0.293918
16.655331 -0.283054
16.659332 -0.272014
16.663333 -0.260806
16.667333 -0.249437
16.671334 -0.237914
16.675335 -0.226245
16.679336 -0.214436
16.683337 -0.202495
16.687337 -0.190431
16.691338 -0.178250
16.695339 -0.165960
16.699340 -0.153569
16.703341 -0.141085
16.707341 -0.128515
16.711342 -0.115869
16.715343 -0.103153
16.719344 -0.090377
16.723345 -0.077547
16.727345 -0.064672
16.731346 -0.051761
16.735347 -0.038820
16.739348 -0.025860
16.743349 -0.012887
16.747349 0.000090
16.751350 0.013063
16.755351 0.026023
16.759352 0.038963
16.763353 0.051874
16.767353 0.064748
16.771354 0.077577
16.775355 0.090354
16.779356 0.103069
16.783357 0.115715
16.787357 0.128284
16.791358 0.140768
16.795359 0.153159
16.799360 0.165449
16.803361 0.177631
16.807361 0.189697
16.811362 0.201639
16.815363 0.213451
16.819364 0.225123
16.823365 0.236650
16.827365 0.248023
16.831366 0.259237
16.835367 0.270283
16.839368 0.281154
16.843369 0.291845
16.847369 0.302348
16.851370 0.312657
16.855371 0.322765
16.859372 0.332666
16.863373 0.342353
16.867373 0.351821
16.871374 0.361064
16.875375 0.370076
16.879376 0.378852
16.883377 0.387385
16.887377 0.395671
16.891378 0.403704
16.895379 0.411480
16.899380 0.418993
16.903381 0.426240
16.907381 0.433214
16.911382 0.439913
16.915383 0.446332
16.919384 0.452467
16.923385 0.458314
16.927385 0.463870
16.931386 0.469131
16.935387 0.474094
16.939388 0.478756
16.943389 0.483114
16.947389 0.487166
16.951390 0.490908
16.955391 0.494339
16.959392 0.497457
16.963393 0.500260
16.967393 0.502745
16.971394 0.504913
16.975395 0.506760
16.979396 0.508287
16.983397 0.509493
16.987397 0.510376
16.991398 0.510936
16.995399 0.511174
16.999400 0.511089
17.003401 0.510680
17.007401 0.509950
17.011402 0.508897
17.015403 0.507523
17.019404 0.505829
17.023405 0.503816
17.027405 0.501486
17.031406 0.498839
17.035407 0.495878
17.039408 0.492605
17.043409 0.489022
17.047409 0.485131
17.051410 0.480934
17.055411 0.476436
17.059412 0.471637
17.063413 0.466543
17.067413 0.461155
17.071414 0.455477
17.075415 0.449514
17.079416 0.443268
17.083417 0.436745
17.087417 0.429947
17.091418 0.422880
17.095419 0.415549
17.099420 0.407957
17.103421 0.400110
17.107421 0.392012
17.111422 0.383670
17.115423 0.375087
17.119424 0.366271
17.123425 0.357226
17.127425 0.347958
17.131426 0.338473
17.135427 0.328777
17.139428 0.318877
17.143429 0.308779
17.147429 0.298488
17.151430 0.288012
17.155431 0.277358
17.159432 0.266532
17.163433 0.255541
17.167433 0.244392
17.171434 0.233092
17.175435 0.221648
17.179436 0.210068
17.183437 0.198359
17.187437 0.186528
17.191438 0.174584
17.195439 0.162532
17.199440 0.150382
17.203441 0.138141
17.207441 0.125816
17.211442 0.113416
17.215443 0.100948
17.219444 0.088420
17.223445 0.075840
17.227445 0.063217
17.231446 0.050557
17.235447 0.037869
17.239448 0.025162
17.243449 0.012443
17.247449 -0.000281
17.251450 -0.013000
17.255451 -0.025706
17.259452 -0.038393
17.263453 -0.051051
17.267453 -0.063673
17.271454 -0.076251
17.275455 -0.088777
17.279456 -0.101242
17.283457 -0.113640
17.287457 -0.125962
17.291458 -0.138201
17.295459 -0.150348
17.299460 -0.162397
17.303461 -0.174339
17.307461 -0.186167
17.311462 -0.197874
17.315463 -0.209452
17.319464 -0.220895
17.323465 -0.232194
17.327465 -0.243343
17.331466 -0.254334
17.335467 -0.265162
17.339468 -0.275818
17.343469 -0.286297
17.347469 -0.296592
17.351470 -0.306696
17.355471 -0.316604
17.359472 -0.326308
17.363473 -0.335803
17.367473 -0.345083
17.371474 -0.354142
17.375475 -0.362974
17.379476 -0.371574
17.383477 -0.379937
17.387477 -0.388057
17.391478 -0.395930
17.395479 -0.403550
17.399480 -0.410912
17.403481 -0.418013
17.407481 -0.424847
17.411482 -0.431411
17.415483 -0.437700
17.419484 -0.443711
17.423485 -0.449440
17.427485 -0.454883
17.431486 -0.460036
17.435487 -0.464898
17.439488 -0.469464
17.443489 -0.473733
17.447489 -0.477700
17.451490 -0.481365
17.455491 -0.484724
17.459492 -0.487777
17.463493 -0.490520
17.467493 -0.492952
17.471494 -0.495072
17.475495 -0.496879
17.479496 -0.498372
17.483497 -0.499549
17.487497 -0.500410
17.491498 -0.500955
17.495499 -0.501183
17.499500 -0.501094
17.503501 -0.500689
17.507502 -0.499968
17.511502 -0.498931
17.515503 -0.497580
17.519504 -0.495914
17.523505 -0.493936
17.527506 -0.491646
17.531506 -0.489046
17.535507 -0.486139
17.539508 -0.482925
17.543509 -0.479407
17.547510 -0.475588
17.551510 -0.471469
17.555511 -0.467053
17.559512 -0.462344
17.563513 -0.457345
17.567514 -0.452058
17.571514 -0.446487
17.575515 -0.440636
17.579516 -0.434509
17.583517 -0.428108
17.587518 -0.421440
17.591518 -0.414507
17.595519 -0.407315
17.599520 -0.399868
17.603521 -0.392170
17.607522 -0.384227
17.611522 -0.376044
17.615523 -0.367626
17.619524 -0.358978
17.623525 -0.350107
17.627526 -0.341017
17.631526 -0.331714
17.635527 -0.322205
17.639528 -0.312495
17.643529 -0.302591
17.647530 -0.292499
17.651530 -0.282226
17.655531 -0.271777
17.659532 -0.261160
17.663533 -0.250381
17.667534 -0.239448
17.671534 -0.228367
17.675535 -0.217145
17.679536 -0.205789
17.683537 -0.194307
17.687538 -0.182706
17.691538 -0.170993
17.695539 -0.159176
17.699540 -0.147262
17.703541 -0.135258
17.707542 -0.123173
17.711542 -0.111014
17.715543 -0.098789
17.719544 -0.086505
17.723545 -0.074171
17.727546 -0.061793
17.731546 -0.049381
17.735547 -0.036941
17.739548 -0.024482
17.743549 -0.012011
17.747550 0.000464
17.751550 0.012934
17.755551 0.025392
17.759552 0.037830
17.763553 0.050241
17.767554 0.062615
17.771554 0.074947
17.775555 0.087227
17.779556 0.099448
17.783557 0.111602
17.787558 0.123682
17.791558 0.135680
17.795559 0.147588
17.799560 0.159400
17.803561 0.171107
17.807562 0.182702
17.811562 0.194179
17.815563 0.205529
17.819564 0.216745
17.823565 0.227821
17.827566 0.238750
17.831566 0.249524
17.835567 0.260138
17.839568 0.270584
17.843569 0.280855
17.847570 0.290946
17.851570 0.300850
17.855571 0.310560
17.859572 0.320072
17.863573 0.329378
17.867574 0.338473
17.871574 0.347352
17.875575 0.356008
17.879576 0.364437
17.883577 0.372632
17.887578 0.380590
17.891578 0.388305
17.895579 0.395772
17.899580 0.402987
17.903581 0.409945
17.907582 0.416642
17.911582 0.423073
17.915583 0.429236
17.919584 0.435125
17.923585 0.440737
17.927586 0.446069
17.931586 0.451118
17.935587 0.455880
17.939588 0.460353
17.943589 0.464533
17.947590 0.468419
17.951590 0.472007
17.955591 0.475297
17.959592 0.478285
17.963593 0.480970
17.967594 0.483350
17.971594 0.485424
17.975595 0.487191
17.979596 0.488649
17.983597 0.489799
17.987598 0.490638
17.991598 0.491168
17.995599 0.491387
17.999600 0.491295
18.003601 0.490893
18.007602 0.490182
18.011602 0.489160
18.015603 0.487831
18.019604 0.486193
18.023605 0.484249
18.027606 0.481999
18.031606 0.479446
18.035607 0.476590
18.039608 0.473435
18.043609 0.469981
18.047610 0.466232
18.051610 0.462189
18.055611 0.457856
18.059612 0.453235
18.063613 0.448328
18.067614 0.443141
18.071614 0.437675
18.075615 0.431934
18.079616 0.425922
18.083617 0.419643
18.087618 0.413101
18.091618 0.406300
18.095619 0.399244
18.099620 0.391939
18.103621 0.384388
18.107622 0.376597
18.111622 0.368570
18.115623 0.360313
18.119624 0.351831
18.123625 0.343130
18.127626 0.334214
18.131626 0.325090
18.135627 0.315764
18.139628 0.306241
18.143629 0.296528
18.147630 0.286631
18.151630 0.276555
18.155631 0.266308
18.159632 0.255896
18.163633 0.245326
18.167634 0.234604
18.171634 0.223737
18.175635 0.212732
18.179636 0.201597
18.183637 0.190337
18.187638 0.178961
18.191638 0.167476
18.195639 0.155888
18.199640 0.144206
18.203641 0.132436
18.207642 0.120586
18.211642 0.108663
18.215643 0.096676
18.219644 0.084632
18.223645 0.072538
18.227646 0.060402
18.231646 0.048231
18.235647 0.036034
18.239648 0.023818
18.243649 0.011591
18.247650 -0.000640
18.251650 -0.012866
18.255651 -0.025080
18.259652 -0.037275
18.263653 -0.049442
18.267654 -0.061575
18.271654 -0.073664
18.275655 -0.085703
18.279656 -0.097684
18.283657 -0.109600
18.287658 -0.121443
18.291658 -0.133205
18.295659 -0.144879
18.299660 -0.156459
18.303661 -0.167935
18.307662 -0.179302
18.311662 -0.190552
18.315663 -0.201678
18.319664 -0.212674
18.323665 -0.223531
18.327666 -0.234244
18.331666 -0.244805
18.335667 -0.255209
18.339668 -0.265448
18.343669 -0.275516
18.347670 -0.285407
18.351670 -0.295114
18.355671 -0.304632
18.359672 -0.313955
18.363673 -0.323076
18.367674 -0.331990
18.371674 -0.340692
18.375675 -0.349176
18.379676 -0.357436
18.383677 -0.365468
18.387678 -0.373267
18.391678 -0.380827
18.395679 -0.388145
18.399680 -0.395215
18.403681 -0.402033
18.407682 -0.408595
18.411682 -0.414897
18.415683 -0.420934
18.419684 -0.426704
18.423685 -0.432203
18.427686 -0.437427
18.431686 -0.442372
18.435687 -0.447037
18.439688 -0.451418
18.443689 -0.455512
18.447690 -0.459318
18.451690 -0.462832
18.455691 -0.466052
18.459692 -0.468977
18.463693 -0.471605
18.467694 -0.473934
18.471694 -0.475963
18.475695 -0.477691
18.479696 -0.479117
18.483697 -0.480239
18.487698 -0.481058
18.491698 -0.481572
18.495699 -0.481782
18.499700 -0.481688
18.503701 -0.481289
18.507702 -0.480587
18.511702 -0.479581
18.515703 -0.478272
18.519704 -0.476662
18.523705 -0.474752
18.527706 -0.472541
18.531706 -0.470034
18.535707 -0.467230
18.539708 -0.464131
18.543709 -0.460741
18.547710 -0.457060
18.551710 -0.453092
18.555711 -0.448839
18.559712 -0.444304
18.563713 -0.439490
18.567714 -0.434399
18.571714 -0.429036
18.575715 -0.423403
18.579716 -0.417505
18.583717 -0.411345
18.587718 -0.404927
18.591718 -0.398255
18.595719 -0.391333
18.599720 -0.384167
18.603721 -0.376760
18.607722 -0.369118
18.611722 -0.361245
18.615723 -0.353146
18.619724 -0.344826
18.623725 -0.336292
18.627726 -0.327547
18.631726 -0.318599
18.635727 -0.309452
18.639728 -0.300112
18.643729 -0.290586
18.647730 -0.280879
18.651730 -0.270998
18.655731 -0.260949
18.659732 -0.250738
18.663733 -0.240372
18.667734 -0.229858
18.671734 -0.219201
18.675735 -0.208410
18.679736 -0.197490
18.683737 -0.186449
18.687738 -0.175293
18.691738 -0.164031
18.695739 -0.152668
18.699740 -0.141213
18.703741 -0.129672
18.707742 -0.118052
18.711742 -0.106362
18.715743 -0.094608
18.719744 -0.082798
18.723745 -0.070940
18.727746 -0.059041
18.731746 -0.047108
18.735747 -0.035149
18.739748 -0.023171
18.743749 -0.011183
18.747750 0.000809
18.751750 0.012796
18.755751 0.024771
18.759752 0.036727
18.763753 0.048656
18.767754 0.060551
18.771754 0.072403
18.775755 0.084206
18.779756 0.095952
18.783757 0.107634
18.787758 0.119244
18.791758 0.130775
18.795759 0.142220
18.799760 0.153571
18.803761 0.164822
18.807762 0.175965
18.811762 0.186993
18.815763 0.197900
18.819764 0.208678
18.823765 0.219322
18.827766 0.229823
18.831766 0.240175
18.835767 0.250373
18.839768 0.260410
18.843769 0.270278
18.847770 0.279973
18.851770 0.289488
18.855771 0.298817
18.859772 0.307954
18.863773 0.316894
18.867774 0.325631
18.871774 0.334159
18.875775 0.342474
18.879776 0.350570
18.883777 0.358441
18.887778 0.366084
18.891778 0.373493
18.895779 0.380664
18.899780 0.387592
18.903781 0.394273
18.907782 0.400703
18.911782 0.406878
18.915783 0.412794
18.919784 0.418447
18.923785 0.423834
18.927786 0.428951
18.931786 0.433796
18.935787 0.438366
18.939788 0.442657
18.943789 0.446667
18.947790 0.450393
18.951790 0.453834
18.955791 0.456988
18.959792 0.459851
18.963793 0.462423
18.967794 0.464702
18.971794 0.466687
18.975795 0.468377
18.979796 0.469770
18.983797 0.470866
18.987798 0.471664
18.991798 0.472164
18.995799 0.472365
18.999800 0.472268
19.003801 0.471873
19.007802 0.471180
19.011802 0.470189
19.015803 0.468902
19.019804 0.467319
19.023805 0.465441
19.027806 0.463269
19.031806 0.460806
19.035807 0.458053
19.039808 0.455010
19.043809 0.451682
19.047810 0.448069
19.051810 0.444174
19.055811 0.440000
19.059812 0.435550
19.063813 0.430825
19.067814 0.425830
19.071814 0.420568
19.075815 0.415041
19.079816 0.409254
19.083817 0.403211
19.087818 0.396914
19.091818 0.390369
19.095819 0.383579
19.099820 0.376549
19.103821 0.369284
19.107822 0.361787
19.111822 0.354065
19.115823 0.346121
19.119824 0.337961
19.123825 0.329590
19.127826 0.321014
19.131826 0.312237
19.135827 0.303266
19.139828 0.294106
19.143829 0.284764
19.147830 0.275244
19.151830 0.265554
19.155831 0.255699
19.159832 0.245685
19.163833 0.235519
19.167834 0.225208
19.171834 0.214758
19.175835 0.204176
19.179836 0.193468
19.183837 0.182641
19.187838 0.171702
19.191838 0.160658
19.195839 0.149516
19.199840 0.138284
19.203841 0.126967
19.207842 0.115574
19.211842 0.104111
19.215843 0.092587
19.219844 0.081007
19.223845 0.069380
19.227846 0.057713
19.231846 0.046013
19.235847 0.034288
19.239848 0.022545
19.243849 0.010792
19.247850 -0.000965
19.251850 -0.012717
19.255851 -0.024458
19.259852 -0.036179
19.263853 -0.047874
19.267854 -0.059535
19.271854 -0.071154
19.275855 -0.082724
19.279856 -0.094239
19.283857 -0.105691
19.287858 -0.117071
19.291858 -0.128375
19.295859 -0.139593
19.299860 -0.150720
19.303861 -0.161748
19.307862 -0.172670
19.311862 -0.183479
19.315863 -0.194169
19.319864 -0.204733
19.323865 -0.215164
19.327866 -0.225455
19.331866 -0.235601
19.335867 -0.245594
19.339868 -0.255429
19.343869 -0.265099
19.347870 -0.274598
19.351870 -0.283921
19.355871 -0.293061
19.359872 -0.302013
19.363873 -0.310770
19.367874 -0.319329
19.371874 -0.327682
19.375875 -0.335825
19.379876 -0.343754
19.383877 -0.351462
19.387878 -0.358945
19.391878 -0.366198
19.395879 -0.373217
19.399880 -0.379998
19.403881 -0.386535
19.407882 -0.392826
19.411882 -0.398866
19.415883 -0.404651
19.419884 -0.410178
19.423885 -0.415443
19.427886 -0.420443
19.431886 -0.425174
19.435887 -0.429635
19.439888 -0.433821
19.443889 -0.437731
19.447890 -0.441361
19.451890 -0.444711
19.455891 -0.447776
19.459892 -0.450557
19.463893 -0.453050
19.467894 -0.455254
19.471894 -0.457168
19.475895 -0.458790
19.479896 -0.460120
19.483897 -0.461157
19.487898 -0.461900
19.491898 -0.462347
19.495899 -0.462500
19.499900 -0.462358
19.503901 -0.461921
19.507902 -0.461189
19.511902 -0.460162
19.515903 -0.458841
19.519904 -0.457227
19.523905 -0.455321
19.527906 -0.453123
19.531906 -0.450636
19.535907 -0.447859
19.539908 -0.444796
19.543909 -0.441447
19.547910 -0.437815
19.551910 -0.433902
19.555911 -0.429710
19.559912 -0.425241
19.563913 -0.420498
19.567914 -0.415484
19.571914 -0.410202
19.575915 -0.404654
19.579916 -0.398844
19.583917 -0.392775
19.587918 -0.386451
19.591918 -0.379876
19.595919 -0.373052
19.599920 -0.365984
19.603921 -0.358677
19.607922 -0.351133
19.611922 -0.343359
19.615923 -0.335357
19.619924 -0.327132
19.623925 -0.318690
19.627926 -0.310034
19.631926 -0.301171
19.635927 -0.292104
19.639928 -0.282839
19.643929 -0.273381
19.647930 -0.263736
19.651930 -0.253908
19.655931 -0.243904
19.659932 -0.233728
19.663933 -0.223387
19.667934 -0.212885
19.671934 -0.202230
19.675935 -0.191426
19.679936 -0.180480
19.683937 -0.169398
19.687938 -0.158185
19.691938 -0.146847
19.695939 -0.135392
19.699940 -0.123824
19.703941 -0.112151
19.707942 -0.100378
19.711942 -0.088511
19.715943 -0.076557
19.719944 -0.064522
19.723945 -0.052413
19.727946 -0.040235
19.731946 -0.027996
19.735947 -0.015700
19.739948 -0.003356
19.743949 0.009032
19.747950 0.021456
19.751950 0.033911
19.755951 0.046389
19.759952 0.058886
19.763953 0.071394
19.767954 0.083908
19.771954 0.096422
19.775955 0.108928
19.779956 0.121422
19.783957 0.133896
19.787958 0.146346
19.791958 0.158765
19.795959 0.171148
19.799960 0.183488
19.803961 0.195780
19.807962 0.208018
19.811962 0.220197
19.815963 0.232310
19.819964 0.244354
19.823965 0.256321
19.827966 0.268207
19.831966 0.280007
19.835967 0.291716
19.839968 0.303328
19.843969 0.314839
19.847970 0.326243
19.851970 0.337537
19.855971 0.348714
19.859972 0.359772
19.863973 0.370705
19.867974 0.381509
19.871974 0.392180
19.875975 0.402713
19.879976 0.413105
19.883977 0.423351
19.887978 0.433449
19.891978 0.443394
19.895979 0.453182
19.899980 0.462810
19.903981 0.472276
19.907982 0.481574
19.911982 0.490704
19.915983 0.499661
19.919984 0.508442
19.923985 0.517045
19.927986 0.525467
19.931986 0.533706
19.935987 0.541759
19.939988 0.549624
19.943989 0.557299
19.947990 0.564781
19.951990 0.572069
19.955991 0.579161
19.959992 0.586055
19.963993 0.592750
19.967994 0.599243
19.971994 0.605534
19.975995 0.611622
19.979996 0.617504
19.983997 0.623181
19.987998 0.628651
19.991998 0.633913
19.995999 0.638966
20.000000 0.643811
